step,energy,beta,lambda,delta
0,3.15512,33.1797,1,0.3
1,3.06679,34.121,1,0.3
2,3.11443,84.4046,1,0.3
3,3.07812,32.2683,1,0.3
4,3.10168,123.346,1,0.3
5,3.10418,55.1785,1,0.3
6,3.20149,1032.41,1,0.3
7,3.12974,53.081,1,0.3
8,3.09743,125.474,1,0.3
9,2.88684,19.6422,1,0.3
10,2.96949,342.861,1.06908,0.3
11,2.9518,176.147,1.06908,0.3
12,2.91511,151.77,1.06908,0.3
13,2.85839,30.6576,1.06908,0.3
14,2.80376,55.7025,1.06908,0.3
15,2.76371,17.5669,1.06908,0.3
16,2.77597,73.7732,1.06908,0.3
17,2.76971,41.8921,1.06908,0.3
18,2.77187,51.2829,1.06908,0.3
19,2.73475,17.8725,1.06908,0.3
20,2.67955,25.2804,1.06908,0.3
21,2.82095,50.296,1.06908,0.3
22,2.80903,162.345,1.06908,0.3
23,2.76224,27.8979,1.06908,0.3
24,2.71544,51.2635,1.06908,0.3
25,2.58454,16.9106,1.06908,0.3
26,2.58321,145.131,1.06908,0.3
27,2.58047,28.6341,1.06908,0.3
28,2.59906,24.0813,1.06908,0.3
29,2.6389,22.8772,1.14293,0.3
30,2.74812,38.1286,1.14293,0.3
31,2.73808,30.5767,1.14293,0.3
32,2.69091,41.6744,1.14293,0.3
33,2.63346,40.944,1.14293,0.3
34,2.53325,12.7455,1.14293,0.3
35,2.52093,23.2465,1.14293,0.3
36,2.45127,67.0502,1.14293,0.3
37,2.49703,61.2211,1.14293,0.3
38,2.49319,30.4558,1.14293,0.3
39,2.48606,21.8736,1.14293,0.3
40,2.54123,1168.52,1.14293,0.3
41,2.48545,16.2449,1.14293,0.3
42,2.42265,17.8917,1.14293,0.3
43,2.49994,504.949,1.14293,0.3
44,2.54721,1166.64,1.22188,0.3
45,2.62682,37.5313,1.22188,0.3
46,2.68885,79.4127,1.22188,0.3
47,2.69201,982.431,1.22188,0.3
48,2.60718,37.609,1.22188,0.3
49,2.56813,56.0152,1.22188,0.3
50,2.6328,384.046,1.22188,0.3
51,2.58629,18.4292,1.22188,0.3
52,2.40745,19.3394,1.22188,0.3
53,2.48726,41.7471,1.30628,0.3
54,2.56253,387.017,1.30628,0.3
55,2.60252,429.054,1.30628,0.3
56,2.69182,82.9205,1.30628,0.3
57,2.7621,183.811,1.30628,0.3
58,2.70122,23.669,1.30628,0.3
59,2.57365,17.3366,1.30628,0.3
60,2.49787,24.7865,1.30628,0.3
61,2.554,23.8612,1.39652,0.3
62,2.49276,22.2323,1.39652,0.3
63,2.54662,386.208,1.39652,0.3
64,2.5314,70.5586,1.39652,0.3
65,2.45077,41.0453,1.39652,0.3
66,2.42393,17.5494,1.39652,0.3
67,2.284,26.0091,1.39652,0.3
68,2.28477,35.1618,1.39652,0.3
69,2.37516,35.0552,1.39652,0.3
70,2.37657,44.7638,1.39652,0.3
71,2.32398,90.3777,1.39652,0.3
72,2.28675,39.3443,1.39652,0.3
73,2.25027,13.8087,1.39652,0.3
74,2.13014,9.48066,1.39652,0.3
75,2.1679,16.6426,1.49298,0.3
76,2.14488,300.835,1.49298,0.3
77,2.25531,34.8044,1.49298,0.3
78,2.32188,28.291,1.49298,0.3
79,2.40193,40.3932,1.49298,0.3
80,2.24708,14.7024,1.49298,0.3
81,2.19664,46.8856,1.49298,0.3
82,2.22704,141.538,1.49298,0.3
83,2.14414,190.366,1.49298,0.3
84,2.1279,14.1416,1.49298,0.3
85,2.2705,26.4831,1.59612,0.3
86,2.28691,33.5339,1.59612,0.3
87,2.31132,32.9858,1.59612,0.3
88,2.32939,85.1916,1.59612,0.3
89,2.42097,1170.4,1.59612,0.3
90,2.3168,16.1644,1.59612,0.3
91,2.34337,18.2853,1.70637,0.3
92,2.24098,50.5087,1.70637,0.3
93,2.23785,15.2088,1.70637,0.3
94,2.26292,56.409,1.70637,0.3
95,2.43936,230.421,1.70637,0.3
96,2.34749,12.177,1.70637,0.3
97,2.36351,22.9438,1.70637,0.3
98,2.37046,20.5099,1.70637,0.3
99,2.31043,93.2664,1.70637,0.3
100,2.42626,27.2741,1.82424,0.3
101,2.49643,22.0205,1.82424,0.3
102,2.38226,21.157,1.82424,0.3
103,2.38772,26.7012,1.82424,0.3
104,2.5484,148.132,1.82424,0.3
105,2.5484,70.0704,1.82424,0.3
106,2.52076,25.9981,1.82424,0.3
107,2.53926,43.029,1.95026,0.3
108,2.49475,25.203,1.95026,0.3
109,2.46318,37.38,1.95026,0.3
110,2.48199,98.2904,1.95026,0.3
111,2.60249,356.488,1.95026,0.3
112,2.36513,13.605,1.95026,0.3
113,2.40719,26.5864,1.95026,0.3
114,2.5568,41.263,1.95026,0.3
115,2.63641,50.3961,2.08498,0.3
116,2.63773,101.863,2.08498,0.3
117,2.5199,16.3723,2.08498,0.3
118,2.45588,38.5859,2.08498,0.3
119,2.39961,21.9436,2.08498,0.3
120,2.4731,83.7274,2.08498,0.3
121,2.48984,31.1388,2.08498,0.3
122,2.4222,18.3793,2.08498,0.3
123,2.46442,76.688,2.08498,0.3
124,2.50908,28.9185,2.229,0.3
125,2.47073,34.4624,2.229,0.3
126,2.51334,71.3747,2.229,0.3
127,2.48294,69.2419,2.229,0.3
128,2.31095,26.3769,2.229,0.3
129,2.24117,1840.04,2.229,0.3
130,2.26125,58.5711,2.229,0.3
131,2.23735,16.3636,2.229,0.3
132,2.21995,27.1573,2.229,0.3
133,2.27742,48.3347,2.229,0.3
134,2.2656,31.2765,2.229,0.3
135,2.21088,376.98,2.229,0.3
136,2.29044,43.8897,2.229,0.3
137,2.27006,19.8926,2.229,0.3
138,2.14792,12.9991,2.229,0.3
139,2.20887,41.8056,2.38298,0.3
140,2.2947,27.4516,2.38298,0.3
141,2.32295,24.1127,2.38298,0.3
142,2.37506,700.331,2.38298,0.3
143,2.4056,73.3693,2.38298,0.3
144,2.26295,17.5279,2.38298,0.3
145,2.27735,52.461,2.54759,0.3
146,2.28087,109.176,2.54759,0.3
147,2.28407,39.4534,2.54759,0.3
148,2.33058,53.0965,2.54759,0.3
149,2.34929,35.5007,2.54759,0.3
150,2.33323,21.2659,2.54759,0.3
151,2.34383,28.8172,2.72357,0.3
152,2.33469,20.0804,2.72357,0.3
153,2.2901,23.1238,2.72357,0.3
154,2.26827,22.7921,2.72357,0.3
155,2.17643,19.0935,2.72357,0.3
156,2.19119,20.8032,2.72357,0.3
157,2.22664,70.7365,2.72357,0.3
158,2.236,18.0431,2.72357,0.3
159,2.27946,216.112,2.72357,0.3
160,2.33354,71.0572,2.91171,0.3
161,2.42676,47.6207,2.91171,0.3
162,2.35602,45.8692,2.91171,0.3
163,2.30714,51.3465,2.91171,0.3
164,2.34453,33.5057,2.91171,0.3
165,2.4049,93.2857,2.91171,0.3
166,2.45406,38.6939,2.91171,0.3
167,2.45118,38.4355,2.91171,0.3
168,2.41904,43.0984,2.91171,0.3
169,2.45688,47.113,3.11284,0.3
170,2.43569,38.363,3.11284,0.3
171,2.39433,39.0298,3.11284,0.3
172,2.31191,33.1882,3.11284,0.3
173,2.39457,106.67,3.11284,0.3
174,2.40164,23.4395,3.11284,0.3
175,2.44997,519.768,3.11284,0.3
176,2.41113,23.2524,3.11284,0.3
177,2.45195,98.231,3.11284,0.3
178,2.51144,28.025,3.32787,0.3
179,2.49454,29.101,3.32787,0.3
180,2.54636,185.133,3.32787,0.3
181,2.61272,225.823,3.32787,0.3
182,2.58293,36.4587,3.32787,0.3
183,2.57749,54.0047,3.32787,0.3
184,2.53814,61.4717,3.32787,0.3
185,2.54944,19.0896,3.32787,0.3
186,2.50909,59.7723,3.32787,0.3
187,2.40494,33.6505,3.32787,0.3
188,2.33115,23.6163,3.32787,0.3
189,2.3168,30.7756,3.32787,0.3
190,2.25667,29.2417,3.32787,0.3
191,2.26371,34.6843,3.32787,0.3
192,2.30077,43.7227,3.55775,0.3
193,2.2566,26.5697,3.55775,0.3
194,2.23846,124.886,3.55775,0.3
195,2.25014,23.4903,3.55775,0.3
196,2.30367,82.26,3.55775,0.3
197,2.33619,69.3806,3.55775,0.3
198,2.41175,79.6823,3.55775,0.3
199,2.38064,36.2238,3.55775,0.3
200,2.27194,394.002,3.55775,0.3
201,2.36365,113.6,3.80351,0.3
202,2.37327,38.586,3.80351,0.3
203,2.21083,19.7671,3.80351,0.3
204,2.15335,46.1437,3.80351,0.3
205,2.14367,45.2341,3.80351,0.3
206,2.13528,145.366,3.80351,0.3
207,2.15928,383.191,3.80351,0.3
208,2.15865,29.7395,3.80351,0.3
209,2.16736,29.5318,3.80351,0.3
210,2.27155,116.206,3.80351,0.3
211,2.31872,26.1375,4.06625,0.3
212,2.27551,50.3494,4.06625,0.3
213,2.251,76.6877,4.06625,0.3
214,2.24323,50.3401,4.06625,0.3
215,2.21818,34.5093,4.06625,0.3
216,2.17075,26.0827,4.06625,0.3
217,2.04098,183.216,4.06625,0.3
218,2.08829,41.2486,4.06625,0.3
219,2.17552,32.0367,4.06625,0.3
220,2.17309,32.2272,4.06625,0.3
221,2.15745,65.5629,4.06625,0.3
222,2.15549,26.2993,4.06625,0.3
223,2.26298,64.0446,4.06625,0.3
224,2.2482,43.9584,4.06625,0.3
225,2.1612,28.2221,4.06625,0.3
226,2.18449,44.812,4.06625,0.3
227,2.18647,34.0309,4.34714,0.3
228,2.17136,41.2628,4.34714,0.3
229,2.1502,60.3303,4.34714,0.3
230,2.23688,123.872,4.34714,0.3
231,2.11716,20.1612,4.34714,0.3
232,2.00903,14.6877,4.34714,0.3
233,2.04105,388.479,4.34714,0.3
234,2.04978,30.2722,4.34714,0.3
235,2.06699,31.092,4.34714,0.3
236,2.12828,68.4362,4.64743,0.3
237,2.17877,519.155,4.64743,0.3
238,2.22269,46.5741,4.64743,0.3
239,2.2193,20.1356,4.64743,0.3
240,2.20077,206.891,4.64743,0.3
241,2.25459,905.127,4.64743,0.3
242,2.27032,32.2751,4.64743,0.3
243,2.26149,241.294,4.64743,0.3
244,2.25139,109.754,4.64743,0.3
245,2.18754,82.1972,4.64743,0.3
246,2.17488,84.128,4.64743,0.3
247,2.09442,23.6734,4.64743,0.3
248,2.0732,1975.05,4.64743,0.3
249,2.07748,105.456,4.96846,0.3
250,2.05137,44.9446,4.96846,0.3
251,1.97958,18.2723,4.96846,0.3
252,2.01185,47.7927,4.96846,0.3
253,2.06591,81.5309,4.96846,0.3
254,2.04728,35.7144,4.96846,0.3
255,2.00953,26.2315,4.96846,0.3
256,2.00876,2463.79,4.96846,0.3
257,2.03251,37.0447,4.96846,0.3
258,2.0048,576.839,4.96846,0.3
259,1.99158,41.4726,4.96846,0.3
260,1.98895,52.0935,4.96846,0.3
261,1.99327,26.6184,4.96846,0.3
262,2.02016,78.7455,5.31167,0.3
263,2.00508,45.8522,5.31167,0.3
264,1.98228,55.8077,5.31167,0.3
265,1.97126,20.5565,5.31167,0.3
266,1.98123,41.8393,5.31167,0.3
267,1.98286,33.257,5.31167,0.3
268,1.96983,29.7061,5.31167,0.3
269,1.97464,21.6997,5.31167,0.3
270,2.01424,36.2721,5.31167,0.3
271,2.10221,109.461,5.67858,0.3
272,2.15182,69.5991,5.67858,0.3
273,2.07065,32.193,5.67858,0.3
274,2.04291,80.915,5.67858,0.3
275,2.01945,115.147,5.67858,0.3
276,2.06111,226.494,5.67858,0.3
277,2.07692,86.9083,5.67858,0.3
278,2.04679,39.5026,5.67858,0.3
279,2.01188,20.7666,5.67858,0.3
280,2.00519,34.8391,5.67858,0.3
281,2.01194,52.7108,5.67858,0.3
282,2.03133,29.0911,6.07085,0.3
283,2.05672,130.292,6.07085,0.3
284,2.09368,63.1674,6.07085,0.3
285,2.06277,69.7952,6.07085,0.3
286,2.06695,30.209,6.07085,0.3
287,2.05841,121.421,6.07085,0.3
288,2.04332,660.743,6.07085,0.3
289,2.00065,23.2821,6.07085,0.3
290,1.88119,21.9659,6.07085,0.3
291,1.87758,35.3043,6.07085,0.3
292,1.85184,21.6774,6.07085,0.3
293,1.87046,51.735,6.07085,0.3
294,1.90578,553.007,6.49021,0.3
295,1.90596,243.245,6.49021,0.3
296,1.91478,81.2138,6.49021,0.3
297,1.94422,40.5273,6.49021,0.3
298,2.02556,57.2714,6.49021,0.3
299,1.99167,52.8683,6.49021,0.3
300,1.96237,5383.83,6.49021,0.3
301,1.9549,506.534,6.49021,0.3
302,1.97492,139.952,6.93854,0.3
303,2.00144,59.6227,6.93854,0.3
304,2.00926,133.083,6.93854,0.3
305,1.93072,26.8883,6.93854,0.3
306,1.86205,29.677,6.93854,0.3
307,1.86623,35.7294,6.93854,0.3
308,1.84757,44.9644,6.93854,0.3
309,1.87951,344.923,6.93854,0.3
310,1.86241,35.6084,6.93854,0.3
311,1.85978,45.8368,6.93854,0.3
312,1.86854,69.7692,7.41783,0.3
313,1.86483,111.894,7.41783,0.3
314,1.85358,36.1556,7.41783,0.3
315,1.81542,39.7011,7.41783,0.3
316,1.8321,37.4088,7.41783,0.3
317,1.90032,26.3517,7.41783,0.3
318,1.97279,110.486,7.41783,0.3
319,1.94832,27.3462,7.41783,0.3
320,1.91778,45.9808,7.41783,0.3
321,1.93713,50.3667,7.41783,0.3
322,1.93403,24.9141,7.41783,0.3
323,1.95014,49.834,7.93024,0.3
324,1.8963,94.8748,7.93024,0.3
325,1.91904,50.4924,7.93024,0.3
326,1.89738,49.1911,7.93024,0.3
327,1.92003,34.9433,7.93024,0.3
328,1.92377,128.834,7.93024,0.3
329,1.9338,127.518,7.93024,0.3
330,1.98193,121.714,8.47804,0.3
331,1.99083,44.0432,8.47804,0.3
332,1.98515,63.3077,8.47804,0.3
333,1.89634,49.1799,8.47804,0.3
334,1.82457,40.1158,8.47804,0.3
335,1.79136,446.323,8.47804,0.3
336,1.84241,72.2742,8.47804,0.3
337,1.80913,200.182,8.47804,0.3
338,1.83844,143.846,8.47804,0.3
339,1.81271,1002.09,8.47804,0.3
340,1.7346,23.0311,8.47804,0.3
341,1.77313,65.2795,8.47804,0.3
342,1.73647,19.9959,8.47804,0.3
343,1.68417,19.5214,8.47804,0.3
344,1.65758,41.3791,8.47804,0.3
345,1.70197,66.1879,9.06368,0.3
346,1.69324,28.9198,9.06368,0.3
347,1.69844,69.4174,9.06368,0.3
348,1.71942,50.3861,9.06368,0.3
349,1.7535,179.45,9.06368,0.3
350,1.72947,49.1852,9.06368,0.3
351,1.7251,115.266,9.06368,0.3
352,1.7443,81.3947,9.06368,0.3
353,1.745,39.5105,9.68978,0.3
354,1.75423,188.571,9.68978,0.3
355,1.76826,196.205,9.68978,0.3
356,1.80035,120.904,9.68978,0.3
357,1.76214,37.4958,9.68978,0.3
358,1.73721,173.818,9.68978,0.3
359,1.75546,39.338,9.68978,0.3
360,1.76254,42.811,10.3591,0.3
361,1.77773,47.0288,10.3591,0.3
362,1.75266,58.3308,10.3591,0.3
363,1.77756,83.1848,10.3591,0.3
364,1.77456,25.0951,10.3591,0.3
365,1.77634,47.0267,10.3591,0.3
366,1.76935,57.8795,10.3591,0.3
367,1.75515,100.002,10.3591,0.3
368,1.78735,215.642,10.3591,0.3
369,1.75755,37.4699,10.3591,0.3
370,1.73822,32.1746,10.3591,0.3
371,1.69726,24.8394,10.3591,0.3
372,1.66214,23.3445,10.3591,0.3
373,1.66887,28.4419,11.0747,0.3
374,1.67533,1373.95,11.0747,0.3
375,1.72958,185.282,11.0747,0.3
376,1.70276,34.5696,11.0747,0.3
377,1.64147,22.3321,11.0747,0.3
378,1.66823,34.3766,11.0747,0.3
379,1.74877,773.198,11.0747,0.3
380,1.73818,729.891,11.0747,0.3
381,1.74989,60.2461,11.8397,0.3
382,1.72129,45.7654,11.8397,0.3
383,1.72062,127.601,11.8397,0.3
384,1.72501,236.01,11.8397,0.3
385,1.7154,78.4232,11.8397,0.3
386,1.65026,27.7239,11.8397,0.3
387,1.67108,201.313,11.8397,0.3
388,1.66822,37.2179,11.8397,0.3
389,1.70776,122.248,11.8397,0.3
390,1.61115,35.3544,11.8397,0.3
391,1.58982,54.9674,11.8397,0.3
392,1.6263,48.474,11.8397,0.3
393,1.6106,59.1129,11.8397,0.3
394,1.61264,41.4876,12.6576,0.3
395,1.62897,43.2769,12.6576,0.3
396,1.6459,156.783,12.6576,0.3
397,1.64944,68.4137,12.6576,0.3
398,1.67556,78.6261,12.6576,0.3
399,1.69093,515.108,13.5319,0.3
400,1.71782,92.7246,13.5319,0.3
401,1.72001,66.375,13.5319,0.3
402,1.73515,189.416,13.5319,0.3
403,1.7636,49.7944,13.5319,0.3
404,1.71316,39.6629,13.5319,0.3
405,1.68063,87.27,13.5319,0.3
406,1.64119,72.6525,13.5319,0.3
407,1.67235,124.841,14.4667,0.3
408,1.66971,37.2501,14.4667,0.3
409,1.70767,830.875,14.4667,0.3
410,1.72472,76.1609,14.4667,0.3
411,1.7185,83.3171,14.4667,0.3
412,1.71877,32.6906,14.4667,0.3
413,1.72588,41.2528,14.4667,0.3
414,1.71529,54.2299,14.4667,0.3
415,1.68445,60.5448,14.4667,0.3
416,1.61487,74.9079,14.4667,0.3
417,1.60384,1213.55,14.4667,0.3
418,1.63364,1121.63,15.466,0.3
419,1.65651,171.723,15.466,0.3
420,1.66792,62.7653,15.466,0.3
421,1.66322,113.943,15.466,0.3
422,1.59896,37.7804,15.466,0.3
423,1.58797,54.0243,15.466,0.3
424,1.55577,22.9008,15.466,0.3
425,1.5901,144.667,15.466,0.3
426,1.55175,156.709,15.466,0.3
427,1.54856,44.4799,15.466,0.3
428,1.51631,47.6401,15.466,0.3
429,1.50725,326.419,15.466,0.3
430,1.54556,71.055,15.466,0.3
431,1.51765,70.2483,15.466,0.3
432,1.5313,69.2853,16.5344,0.3
433,1.54062,928.247,16.5344,0.3
434,1.56569,158.84,16.5344,0.3
435,1.51832,41.3598,16.5344,0.3
436,1.47724,42.6319,16.5344,0.3
437,1.52195,714.068,16.5344,0.3
438,1.53618,198.749,16.5344,0.3
439,1.55695,79.5504,17.6765,0.3
440,1.52872,30.9079,17.6765,0.3
441,1.51798,86.8033,17.6765,0.3
442,1.49198,29.4594,17.6765,0.3
443,1.48869,110.756,17.6765,0.3
444,1.47297,57.4819,17.6765,0.3
445,1.47743,59.5736,17.6765,0.3
446,1.43713,82.0186,17.6765,0.3
447,1.45665,151.472,17.6765,0.3
448,1.45051,71.1417,17.6765,0.3
449,1.47357,542.118,17.6765,0.3
450,1.46607,49.389,17.6765,0.3
451,1.44827,51.9032,17.6765,0.3
452,1.48049,62.6072,17.6765,0.3
453,1.48787,62.6703,18.8976,0.3
454,1.49261,168.135,18.8976,0.3
455,1.47349,109.164,18.8976,0.3
456,1.54949,257.982,18.8976,0.3
457,1.55768,57.3348,18.8976,0.3
458,1.53716,45.184,18.8976,0.3
459,1.51046,40.8589,18.8976,0.3
460,1.555,135.49,18.8976,0.3
461,1.54761,90.8469,18.8976,0.3
462,1.55264,114.493,20.203,0.3
463,1.52918,59.1934,20.203,0.3
464,1.50294,184.091,20.203,0.3
465,1.45442,42.4191,20.203,0.3
466,1.42877,364.894,20.203,0.3
467,1.42664,214.888,20.203,0.3
468,1.43889,86.0109,20.203,0.3
469,1.45457,99.8371,20.203,0.3
470,1.4671,316.569,20.203,0.3
471,1.47636,53.2581,20.203,0.3
472,1.47679,269.302,21.5986,0.3
473,1.4446,232.362,21.5986,0.3
474,1.45844,3928.74,21.5986,0.3
475,1.44486,339.647,21.5986,0.3
476,1.46243,127.855,21.5986,0.3
477,1.43345,66.4793,21.5986,0.3
478,1.43083,122.405,21.5986,0.3
479,1.4379,315.25,21.5986,0.3
480,1.45983,94.7204,21.5986,0.3
481,1.47685,1183.74,23.0905,0.3
482,1.46753,74.4116,23.0905,0.3
483,1.48976,199.189,23.0905,0.3
484,1.47809,56.9501,23.0905,0.3
485,1.4512,47.8959,23.0905,0.3
486,1.44258,322.182,23.0905,0.3
487,1.46107,566.205,23.0905,0.3
488,1.42562,41.7466,23.0905,0.3
489,1.39393,81.8983,23.0905,0.3
490,1.35959,86.35,23.0905,0.3
491,1.37093,154.315,23.0905,0.3
492,1.36685,53.0014,23.0905,0.3
493,1.36058,269.43,23.0905,0.3
494,1.36302,277.544,23.0905,0.3
495,1.36851,85.1748,24.6856,0.3
496,1.36671,75.3273,24.6856,0.3
497,1.36948,278.474,24.6856,0.3
498,1.39808,150.007,24.6856,0.3
499,1.39216,210.903,24.6856,0.3
500,1.38452,200.906,24.6856,0.3
501,1.40008,327.241,24.6856,0.3
502,1.41195,104.769,24.6856,0.3
503,1.41065,73.426,24.6856,0.3
504,1.42402,179,26.3908,0.3
505,1.44953,491.104,26.3908,0.3
506,1.45354,67.5911,26.3908,0.3
507,1.45323,232.803,26.3908,0.3
508,1.46377,260.352,26.3908,0.3
509,1.47368,348.664,26.3908,0.3
510,1.47146,81.2079,26.3908,0.3
511,1.49475,182.311,28.2138,0.3
512,1.44855,66.2992,28.2138,0.3
513,1.46771,135.013,28.2138,0.3
514,1.45483,89.3841,28.2138,0.3
515,1.44067,216.93,28.2138,0.3
516,1.44291,157.964,28.2138,0.3
517,1.4336,43.9433,28.2138,0.3
518,1.41749,121.984,28.2138,0.3
519,1.42469,154.061,28.2138,0.3
520,1.4396,164.349,28.2138,0.3
521,1.46003,146.024,30.1628,0.3
522,1.45445,175.77,30.1628,0.3
523,1.42611,239.68,30.1628,0.3
524,1.4135,99.3588,30.1628,0.3
525,1.41181,136.258,30.1628,0.3
526,1.42161,95.4923,30.1628,0.3
527,1.42189,294.047,30.1628,0.3
528,1.39738,105.339,30.1628,0.3
529,1.3841,229.177,30.1628,0.3
530,1.40026,285.482,30.1628,0.3
531,1.40729,159.376,30.1628,0.3
532,1.40027,79.8782,30.1628,0.3
533,1.42218,417.445,32.2463,0.3
534,1.39384,870.734,32.2463,0.3
535,1.36744,253.476,32.2463,0.3
536,1.38274,1289,32.2463,0.3
537,1.39473,277.225,32.2463,0.3
538,1.38353,76.5555,32.2463,0.3
539,1.39977,393.733,32.2463,0.3
540,1.3972,199.294,32.2463,0.3
541,1.39471,200.561,32.2463,0.3
542,1.40652,308.021,32.2463,0.3
543,1.38654,134.244,32.2463,0.3
544,1.37672,139.523,32.2463,0.3
545,1.3806,145.896,34.4738,0.3
546,1.37703,4352.2,34.4738,0.3
547,1.34738,92.6687,34.4738,0.3
548,1.3411,51.2709,34.4738,0.3
549,1.33678,102.207,34.4738,0.3
550,1.3483,137.133,34.4738,0.3
551,1.34369,83.8678,34.4738,0.3
552,1.35187,488.459,34.4738,0.3
553,1.34352,56.352,34.4738,0.3
554,1.34069,73.8832,34.4738,0.3
555,1.3436,75.7675,34.4738,0.3
556,1.33121,86.8934,34.4738,0.3
557,1.32671,279.616,34.4738,0.3
558,1.34085,288.699,34.4738,0.3
559,1.32519,106.515,34.4738,0.3
560,1.32243,79.2063,34.4738,0.3
561,1.31952,81.6125,34.4738,0.3
562,1.32514,8166.49,36.8552,0.3
563,1.33081,144.982,36.8552,0.3
564,1.35546,192.267,36.8552,0.3
565,1.37708,189.809,36.8552,0.3
566,1.37392,77.2202,36.8552,0.3
567,1.40282,205.583,36.8552,0.3
568,1.40057,129.943,36.8552,0.3
569,1.41829,301.14,39.4011,0.3
570,1.41995,99.4309,39.4011,0.3
571,1.41883,144.528,39.4011,0.3
572,1.40642,112.821,39.4011,0.3
573,1.39556,307.3,39.4011,0.3
574,1.37893,202.841,39.4011,0.3
575,1.39404,209.947,39.4011,0.3
576,1.36752,75.0195,39.4011,0.3
577,1.37822,128.345,39.4011,0.3
578,1.38417,540.941,39.4011,0.3
579,1.38612,92.0697,42.1228,0.3
580,1.38486,67.3281,42.1228,0.3
581,1.38524,270.084,42.1228,0.3
582,1.37171,66.4972,42.1228,0.3
583,1.37408,274.626,42.1228,0.3
584,1.37039,145.449,42.1228,0.3
585,1.36273,102.919,42.1228,0.3
586,1.36382,276.056,42.1228,0.3
587,1.35675,231.691,42.1228,0.3
588,1.38062,1624.71,42.1228,0.3
589,1.36456,4542.61,42.1228,0.3
590,1.35014,1257.47,42.1228,0.3
591,1.32878,99.6134,42.1228,0.3
592,1.3309,265.522,45.0325,0.3
593,1.32228,467.118,45.0325,0.3
594,1.32779,204.632,45.0325,0.3
595,1.33315,188.521,45.0325,0.3
596,1.3327,111.963,45.0325,0.3
597,1.33079,178.28,45.0325,0.3
598,1.3326,83.6302,45.0325,0.3
599,1.35486,502.496,45.0325,0.3
600,1.35556,314.001,48.1433,0.3
601,1.35233,339.747,48.1433,0.3
602,1.34118,1433.56,48.1433,0.3
603,1.32914,765.878,48.1433,0.3
604,1.34273,119.323,48.1433,0.3
605,1.33693,119.319,48.1433,0.3
606,1.35447,522.444,48.1433,0.3
607,1.36317,6231.78,48.1433,0.3
608,1.36115,174.6,48.1433,0.3
609,1.3705,263.177,48.1433,0.3
610,1.35467,88.8135,48.1433,0.3
611,1.36764,1735.63,51.4689,0.3
612,1.37436,1027.99,51.4689,0.3
613,1.38099,118.289,51.4689,0.3
614,1.37283,319.283,51.4689,0.3
615,1.36938,267.072,51.4689,0.3
616,1.37807,8075.75,51.4689,0.3
617,1.36621,254.009,51.4689,0.3
618,1.34837,775.325,51.4689,0.3
619,1.33379,155.307,51.4689,0.3
620,1.34072,272.017,51.4689,0.3
621,1.32445,240.26,51.4689,0.3
622,1.33189,128.216,55.0242,0.3
623,1.31779,226.664,55.0242,0.3
624,1.31944,304.531,55.0242,0.3
625,1.30392,3273.95,55.0242,0.3
626,1.30628,308.91,55.0242,0.3
627,1.28981,238.957,55.0242,0.3
628,1.29156,154.539,55.0242,0.3
629,1.3018,650.746,55.0242,0.3
630,1.29537,157.426,55.0242,0.3
631,1.31598,311.823,58.8252,0.3
632,1.3241,537.255,58.8252,0.3
633,1.3279,913.474,58.8252,0.3
634,1.3317,208.204,58.8252,0.3
635,1.32531,202.733,58.8252,0.3
636,1.31234,65.9397,58.8252,0.3
637,1.30783,288.017,58.8252,0.3
638,1.31416,187.07,58.8252,0.3
639,1.32153,340.61,62.8887,0.3
640,1.33117,762.031,62.8887,0.3
641,1.32721,423.612,62.8887,0.3
642,1.32416,92.8506,62.8887,0.3
643,1.32475,209.262,62.8887,0.3
644,1.31675,147.002,62.8887,0.3
645,1.32536,388.12,62.8887,0.3
646,1.32725,4129.64,62.8887,0.3
647,1.32585,799.79,62.8887,0.3
648,1.32085,140.533,62.8887,0.3
649,1.32999,463.523,67.2329,0.3
650,1.34297,9085.22,67.2329,0.3
651,1.32815,428.244,67.2329,0.3
652,1.32735,411.507,67.2329,0.3
653,1.3377,1046.24,67.2329,0.3
654,1.33692,152.055,67.2329,0.3
655,1.3209,250.4,67.2329,0.3
656,1.32962,209.082,67.2329,0.3
657,1.33367,234.74,67.2329,0.3
658,1.3312,212.377,67.2329,0.3
659,1.33439,401.288,71.8772,0.3
660,1.33444,217.719,71.8772,0.3
661,1.32725,373.232,71.8772,0.3
662,1.32139,403.101,71.8772,0.3
663,1.31584,616.083,71.8772,0.3
664,1.3203,3053.86,71.8772,0.3
665,1.31423,111.095,71.8772,0.3
666,1.30597,651.547,71.8772,0.3
667,1.31099,191.083,71.8772,0.3
668,1.30892,197.898,71.8772,0.3
669,1.30361,477.083,71.8772,0.3
670,1.29558,134.318,71.8772,0.3
671,1.30227,248.994,71.8772,0.3
672,1.29519,129.705,71.8772,0.3
673,1.30245,466.939,76.8423,0.3
674,1.29803,141.383,76.8423,0.3
675,1.30028,166.379,76.8423,0.3
676,1.30322,237.791,76.8423,0.3
677,1.3065,146.149,76.8423,0.3
678,1.3115,220.155,76.8423,0.3
679,1.30667,2722.16,76.8423,0.3
680,1.30259,184.463,76.8423,0.3
681,1.29245,173.286,76.8423,0.3
682,1.28742,143.379,76.8423,0.3
683,1.28561,3015.84,76.8423,0.3
684,1.28213,426.698,76.8423,0.3
685,1.28655,459.001,82.1504,0.3
686,1.28577,1310.11,82.1504,0.3
687,1.28965,350.62,82.1504,0.3
688,1.28541,2806.24,82.1504,0.3
689,1.28273,512.723,82.1504,0.3
690,1.28735,12318.9,82.1504,0.3
691,1.29114,202.057,82.1504,0.3
692,1.29278,1383.14,82.1504,0.3
693,1.29148,1274.37,82.1504,0.3
694,1.28083,126.372,82.1504,0.3
695,1.27478,310.912,82.1504,0.3
696,1.27798,1215.66,87.8251,0.3
697,1.27644,418.444,87.8251,0.3
698,1.27405,341.449,87.8251,0.3
699,1.2704,225.189,87.8251,0.3
700,1.27663,492.328,87.8251,0.3
701,1.28045,253.98,87.8251,0.3
702,1.28117,235.437,87.8251,0.3
703,1.28116,3435.95,87.8251,0.3
704,1.27549,219.544,87.8251,0.3
705,1.26687,113.249,87.8251,0.3
706,1.26616,914.908,87.8251,0.3
707,1.26188,148.061,87.8251,0.3
708,1.25604,219.742,87.8251,0.3
709,1.26512,617.099,87.8251,0.3
710,1.26508,979.713,87.8251,0.3
711,1.27284,2151.4,93.8919,0.3
712,1.2657,224.407,93.8919,0.3
713,1.26082,535.76,93.8919,0.3
714,1.27172,718.791,93.8919,0.3
715,1.26521,241.983,93.8919,0.3
716,1.26251,166.836,93.8919,0.3
717,1.26336,583.448,93.8919,0.3
718,1.26382,530.586,93.8919,0.3
719,1.26217,298.662,93.8919,0.3
720,1.26679,252.469,93.8919,0.3
721,1.26615,416.473,93.8919,0.3
722,1.27235,831.062,100.378,0.3
723,1.27374,728.995,100.378,0.3
724,1.27537,4106.41,100.378,0.3
725,1.27102,11563.6,100.378,0.3
726,1.26768,160.027,100.378,0.3
727,1.26155,2138.74,100.378,0.3
728,1.26375,543.13,100.378,0.3
729,1.26627,1603.14,100.378,0.3
730,1.2578,214.794,100.378,0.3
731,1.26085,2222.81,107.312,0.3
732,1.2704,208.146,107.312,0.3
733,1.2718,276.947,107.312,0.3
734,1.2646,727.411,107.312,0.3
735,1.27034,1337.8,107.312,0.3
736,1.26811,261.343,107.312,0.3
737,1.26402,663.935,107.312,0.3
738,1.26983,2879.99,107.312,0.3
739,1.26233,630.791,107.312,0.3
740,1.26836,833.495,114.724,0.3
741,1.26657,608.385,114.724,0.3
742,1.25771,263.51,114.724,0.3
743,1.26358,523.86,114.724,0.3
744,1.26433,553.062,114.724,0.3
745,1.25787,223.949,114.724,0.3
746,1.26156,286.741,114.724,0.3
747,1.26516,397.171,114.724,0.3
748,1.26311,2931.36,114.724,0.3
749,1.26846,1256.48,122.649,0.3
750,1.26494,476.955,122.649,0.3
751,1.27096,2592.62,122.649,0.3
752,1.25677,178.782,122.649,0.3
753,1.25076,215.938,122.649,0.3
754,1.2485,260.662,122.649,0.3
755,1.25205,852.161,122.649,0.3
756,1.24824,390.168,122.649,0.3
757,1.24199,166.277,122.649,0.3
758,1.24332,868.695,122.649,0.3
759,1.24852,8973.05,122.649,0.3
760,1.25254,581.355,131.122,0.3
761,1.26091,15144.5,131.122,0.3
762,1.2562,416.537,131.122,0.3
763,1.25691,463.33,131.122,0.3
764,1.25465,631.445,131.122,0.3
765,1.25178,1481.88,131.122,0.3
766,1.25362,1315.83,131.122,0.3
767,1.25545,536.023,131.122,0.3
768,1.25422,4204.45,131.122,0.3
769,1.24507,217.219,131.122,0.3
770,1.24349,613.387,131.122,0.3
771,1.24328,466.506,131.122,0.3
772,1.24327,442.226,131.122,0.3
773,1.2445,711.588,140.179,0.3
774,1.24187,651.742,140.179,0.3
775,1.24813,2085.58,140.179,0.3
776,1.25253,680.544,140.179,0.3
777,1.2468,437.636,140.179,0.3
778,1.25092,2918.98,140.179,0.3
779,1.2572,2139.34,140.179,0.3
780,1.24871,260.589,140.179,0.3
781,1.2525,349.895,149.862,0.3
782,1.24898,274.396,149.862,0.3
783,1.24951,486.167,149.862,0.3
784,1.24529,423.151,149.862,0.3
785,1.24502,433.948,149.862,0.3
786,1.24531,1367.59,149.862,0.3
787,1.24445,585.753,149.862,0.3
788,1.24224,281.486,149.862,0.3
789,1.23842,225.706,149.862,0.3
790,1.24136,547.589,149.862,0.3
791,1.2415,1155.86,149.862,0.3
792,1.242,812.588,160.215,0.3
793,1.24503,603.007,160.215,0.3
794,1.24291,675.671,160.215,0.3
795,1.24737,708.937,160.215,0.3
796,1.24379,333.297,160.215,0.3
797,1.24887,887.652,160.215,0.3
798,1.24586,2222.73,160.215,0.3
799,1.24289,2165.94,160.215,0.3
800,1.23889,400.598,160.215,0.3
801,1.24089,1679.05,160.215,0.3
802,1.24434,1858.75,171.282,0.3
803,1.2471,13713.5,171.282,0.3
804,1.24945,4936.95,171.282,0.3
805,1.24615,217.863,171.282,0.3
806,1.24928,941.504,171.282,0.3
807,1.24996,1167.81,171.282,0.3
808,1.24987,541.121,171.282,0.3
809,1.24823,365.944,171.282,0.3
810,1.24947,405.029,183.113,0.3
811,1.24204,282.866,183.113,0.3
812,1.24092,419.092,183.113,0.3
813,1.24552,4604.57,183.113,0.3
814,1.24669,11915,183.113,0.3
815,1.24508,575.725,183.113,0.3
816,1.24204,235.309,183.113,0.3
817,1.23884,331.523,183.113,0.3
818,1.23649,3132.87,183.113,0.3
819,1.23355,441.299,183.113,0.3
820,1.23509,877.287,183.113,0.3
821,1.23868,1052.4,183.113,0.3
822,1.23577,871.683,183.113,0.3
823,1.23323,698.217,183.113,0.3
824,1.23776,650.573,195.763,0.3
825,1.23975,2335.92,195.763,0.3
826,1.2409,1325.89,195.763,0.3
827,1.24321,14038.1,195.763,0.3
828,1.2416,1117.66,195.763,0.3
829,1.23756,1090.5,195.763,0.3
830,1.23575,590.665,195.763,0.3
831,1.23461,960.704,195.763,0.3
832,1.23123,255.539,195.763,0.3
833,1.23553,3448.45,195.763,0.3
834,1.23034,301.413,195.763,0.3
835,1.2353,3492.04,209.285,0.3
836,1.23576,1080.98,209.285,0.3
837,1.23825,1630.97,209.285,0.3
838,1.23239,446.621,209.285,0.3
839,1.23262,4978.28,209.285,0.3
840,1.23244,441.454,209.285,0.3
841,1.23248,980.164,209.285,0.3
842,1.23197,748.322,209.285,0.3
843,1.23194,1498.72,209.285,0.3
844,1.23692,1220.89,223.742,0.3
845,1.23645,633.687,223.742,0.3
846,1.23661,9439.22,223.742,0.3
847,1.23829,25062.7,223.742,0.3
848,1.23856,900.677,223.742,0.3
849,1.23562,305.516,223.742,0.3
850,1.23429,786.548,223.742,0.3
851,1.23256,568.552,223.742,0.3
852,1.2309,931.345,223.742,0.3
853,1.23153,679.868,223.742,0.3
854,1.2289,299.716,223.742,0.3
855,1.23087,11185.3,239.198,0.3
856,1.23219,6216.42,239.198,0.3
857,1.23453,9302.74,239.198,0.3
858,1.23446,504.776,239.198,0.3
859,1.23634,5591.2,239.198,0.3
860,1.23744,701.44,239.198,0.3
861,1.23423,254.86,239.198,0.3
862,1.23052,596.591,239.198,0.3
863,1.23078,992.69,255.721,0.3
864,1.23307,631.35,255.721,0.3
865,1.23108,674.805,255.721,0.3
866,1.23062,519.131,255.721,0.3
867,1.2286,674.214,255.721,0.3
868,1.22619,1489.41,255.721,0.3
869,1.22534,2470.3,255.721,0.3
870,1.2263,3766.47,255.721,0.3
871,1.22694,1310.5,255.721,0.3
872,1.22799,20189.4,255.721,0.3
873,1.22737,3940.56,255.721,0.3
874,1.22881,514.437,273.386,0.3
875,1.22855,516.662,273.386,0.3
876,1.22579,953.854,273.386,0.3
877,1.22711,3956.63,273.386,0.3
878,1.22679,2909.7,273.386,0.3
879,1.22816,448.5,273.386,0.3
880,1.22947,579.083,273.386,0.3
881,1.22816,410.943,273.386,0.3
882,1.23046,1646.63,273.386,0.3
883,1.22745,772.826,273.386,0.3
884,1.22427,509.075,273.386,0.3
885,1.22648,1574.14,292.27,0.3
886,1.22934,1624.93,292.27,0.3
887,1.22768,1080.94,292.27,0.3
888,1.22801,844.224,292.27,0.3
889,1.22782,960.387,292.27,0.3
890,1.22792,48454.5,292.27,0.3
891,1.23176,2638.91,292.27,0.3
892,1.23416,4155.54,312.46,0.3
893,1.23686,2366.08,312.46,0.3
894,1.23581,739.381,312.46,0.3
895,1.23528,3188.28,312.46,0.3
896,1.23764,1158.97,312.46,0.3
897,1.23798,5549.42,312.46,0.3
898,1.24165,39863.4,312.46,0.3
899,1.23787,492.28,312.46,0.3
900,1.23697,1673.37,312.46,0.3
901,1.23629,1211.31,312.46,0.3
902,1.23158,1353.46,312.46,0.3
903,1.23026,995.623,312.46,0.3
904,1.22696,571.328,312.46,0.3
905,1.23045,561.489,334.044,0.3
906,1.23037,918.614,334.044,0.3
907,1.23073,1505.43,334.044,0.3
908,1.23225,4326.58,334.044,0.3
909,1.22511,431.595,334.044,0.3
910,1.2254,5932.68,334.044,0.3
911,1.2231,874.591,334.044,0.3
912,1.22431,1015.93,334.044,0.3
913,1.22276,786.565,334.044,0.3
914,1.21954,445.681,334.044,0.3
915,1.2198,972.809,357.119,0.3
916,1.21915,2942.61,357.119,0.3
917,1.21941,3272.22,357.119,0.3
918,1.21774,4600.15,357.119,0.3
919,1.21943,2841.41,357.119,0.3
920,1.22042,34610.4,357.119,0.3
921,1.22099,1066.46,357.119,0.3
922,1.22235,11013.1,381.788,0.3
923,1.22152,2621.21,381.788,0.3
924,1.21891,571.389,381.788,0.3
925,1.22048,4064.16,381.788,0.3
926,1.21891,1181.82,381.788,0.3
927,1.21993,871.887,381.788,0.3
928,1.22324,3707.06,381.788,0.3
929,1.22372,818.622,381.788,0.3
930,1.22213,574.533,381.788,0.3
931,1.22145,920.548,381.788,0.3
932,1.22243,907.107,408.161,0.3
933,1.22418,3877.1,408.161,0.3
934,1.22489,2678.07,408.161,0.3
935,1.22484,1417.59,408.161,0.3
936,1.22434,634.947,408.161,0.3
937,1.22504,2244.67,408.161,0.3
938,1.22545,2853.33,408.161,0.3
939,1.2249,996.884,408.161,0.3
940,1.22675,1951.97,436.355,0.3
941,1.22719,935.565,436.355,0.3
942,1.22441,652.642,436.355,0.3
943,1.22358,1562.36,436.355,0.3
944,1.22409,1175.69,436.355,0.3
945,1.22399,2918.64,436.355,0.3
946,1.225,6477.9,436.355,0.3
947,1.22627,1237.47,436.355,0.3
948,1.22435,1141.61,436.355,0.3
949,1.22527,7279.8,466.498,0.3
950,1.22266,475.361,466.498,0.3
951,1.22335,1412.11,466.498,0.3
952,1.22263,2121.6,466.498,0.3
953,1.22283,2145.36,466.498,0.3
954,1.22209,12113.6,466.498,0.3
955,1.22388,3943.83,466.498,0.3
956,1.22434,1471.13,466.498,0.3
957,1.22446,1388.38,498.722,0.3
958,1.22207,743.305,498.722,0.3
959,1.22174,2481.53,498.722,0.3
960,1.22077,1972.43,498.722,0.3
961,1.22201,1759.2,498.722,0.3
962,1.22101,991.82,498.722,0.3
963,1.22096,4528.98,498.722,0.3
964,1.22072,1257.54,498.722,0.3
965,1.2233,2534.73,498.722,0.3
966,1.22264,1776.24,498.722,0.3
967,1.2213,242272,498.722,0.3
968,1.21952,585.978,498.722,0.3
969,1.22013,5198.4,498.722,0.3
970,1.22267,18691.8,498.722,0.3
971,1.22371,1718.42,533.173,0.3
972,1.22465,2013.42,533.173,0.3
973,1.22493,1369.34,533.173,0.3
974,1.22427,2388.13,533.173,0.3
975,1.22495,11325.4,533.173,0.3
976,1.2221,781.658,533.173,0.3
977,1.22304,7351.2,533.173,0.3
978,1.22188,990.921,533.173,0.3
979,1.22201,1711.36,570.003,0.3
980,1.22185,1314.8,570.003,0.3
981,1.22239,2563.58,570.003,0.3
982,1.22084,40378.7,570.003,0.3
983,1.21811,1308.46,570.003,0.3
984,1.2186,6016.94,570.003,0.3
985,1.21839,1827.13,570.003,0.3
986,1.21751,2797.33,570.003,0.3
987,1.21776,1859.38,570.003,0.3
988,1.21832,10383.1,570.003,0.3
989,1.21794,3403.37,570.003,0.3
990,1.21708,2209.87,570.003,0.3
991,1.2157,715.749,570.003,0.3
992,1.21565,9318.37,570.003,0.3
993,1.21552,31600.8,570.003,0.3
994,1.21644,4688.37,609.378,0.3
995,1.21641,2411.25,609.378,0.3
996,1.21578,26919.2,609.378,0.3
997,1.2168,4391.93,609.378,0.3
998,1.21566,1047.73,609.378,0.3
999,1.21608,8533.81,609.378,0.3
1000,1.21732,60568.1,609.378,0.3
1001,1.21805,2053.41,609.378,0.3
1002,1.21831,8762.88,651.472,0.3
1003,1.21832,1701.44,651.472,0.3
1004,1.21821,2888.1,651.472,0.3
1005,1.21838,2026.93,651.472,0.3
1006,1.21863,2554.5,651.472,0.3
1007,1.21881,1933.26,651.472,0.3
1008,1.219,1462.3,696.474,0.3
1009,1.21848,2540.76,696.474,0.3
1010,1.21852,3363.82,696.474,0.3
1011,1.21759,969.716,696.474,0.3
1012,1.21774,2182.29,696.474,0.3
1013,1.21889,3622.83,696.474,0.3
1014,1.22007,3151.81,696.474,0.3
1015,1.21961,2200.91,696.474,0.3
1016,1.2198,3504.4,744.585,0.3
1017,1.21996,1283.23,744.585,0.3
1018,1.21883,2159.53,744.585,0.3
1019,1.21814,1324.37,744.585,0.3
1020,1.21706,1632.38,744.585,0.3
1021,1.21673,7693.16,744.585,0.3
1022,1.2165,2524.95,744.585,0.3
1023,1.21585,4031.28,744.585,0.3
1024,1.21548,1675.06,744.585,0.3
1025,1.21456,2009.34,744.585,0.3
1026,1.21405,1384.81,744.585,0.3
1027,1.2138,2912.82,744.585,0.3
1028,1.21462,5927.7,744.585,0.3
1029,1.215,35755.1,744.585,0.3
1030,1.21435,2729.62,744.585,0.3
1031,1.21458,12032.5,744.585,0.3
1032,1.21509,2593.51,796.019,0.3
1033,1.21522,1881.36,796.019,0.3
1034,1.21603,66074.3,796.019,0.3
1035,1.21511,2137.61,796.019,0.3
1036,1.21495,2404.02,796.019,0.3
1037,1.21522,3748.18,796.019,0.3
1038,1.21521,5411.56,796.019,0.3
1039,1.21533,1808.89,796.019,0.3
1040,1.21572,8452.76,851.006,0.3
1041,1.21605,5289.24,851.006,0.3
1042,1.21578,3514.75,851.006,0.3
1043,1.2156,51915.5,851.006,0.3
1044,1.21516,5591.88,851.006,0.3
1045,1.21536,1862.35,851.006,0.3
1046,1.21614,4515.17,851.006,0.3
1047,1.21549,2843.36,851.006,0.3
1048,1.21489,1559.96,851.006,0.3
1049,1.21441,2158.65,851.006,0.3
1050,1.2149,181704,851.006,0.3
1051,1.21521,5740.59,909.792,0.3
1052,1.21498,1758.84,909.792,0.3
1053,1.21497,3475.24,909.792,0.3
1054,1.21486,4045.41,909.792,0.3
1055,1.21476,14251.3,909.792,0.3
1056,1.21405,2242.96,909.792,0.3
1057,1.21347,2110.34,909.792,0.3
1058,1.21353,6356.06,909.792,0.3
1059,1.21398,14112.9,909.792,0.3
1060,1.21516,16761.4,909.792,0.3
1061,1.21597,5014.63,909.792,0.3
1062,1.21632,7632.85,972.638,0.3
1063,1.21559,2667.12,972.638,0.3
1064,1.21597,80757.5,972.638,0.3
1065,1.21584,4064.43,972.638,0.3
1066,1.21655,181704,972.638,0.3
1067,1.21531,2929.17,972.638,0.3
1068,1.21538,6206.27,972.638,0.3
1069,1.21564,38253.6,972.638,0.3
1070,1.21586,2999,1039.83,0.3
1071,1.21561,2699.55,1039.83,0.3
1072,1.21512,3139.35,1039.83,0.3
1073,1.21519,10540.7,1039.83,0.3
1074,1.21496,2322.7,1039.83,0.3
1075,1.2157,10446.8,1039.83,0.3
1076,1.2159,3049.4,1039.83,0.3
1077,1.21539,3436.78,1039.83,0.3
1078,1.21603,15790.1,1039.83,0.3
1079,1.21598,2176.45,1039.83,0.3
1080,1.21667,13217.2,1111.65,0.3
1081,1.2169,29072.7,1111.65,0.3
1082,1.21636,2786.68,1111.65,0.3
1083,1.2171,2988.48,1111.65,0.3
1084,1.21658,2197.99,1111.65,0.3
1085,1.21516,4154.61,1111.65,0.3
1086,1.21463,2557.8,1111.65,0.3
1087,1.21525,6546.97,1111.65,0.3
1088,1.21507,11536.9,1111.65,0.3
1089,1.21408,1976.52,1111.65,0.3
1090,1.21386,2953.07,1111.65,0.3
1091,1.21336,1775.96,1111.65,0.3
1092,1.21362,14669.5,1111.65,0.3
1093,1.21404,3776.44,1188.44,0.3
1094,1.21429,8628.29,1188.44,0.3
1095,1.21551,9247.59,1188.44,0.3
1096,1.2148,1556.61,1188.44,0.3
1097,1.21395,1420.32,1188.44,0.3
1098,1.2139,3978.49,1188.44,0.3
1099,1.21421,19354.5,1188.44,0.3
1100,1.21398,4930.75,1188.44,0.3
1101,1.21305,3762.03,1188.44,0.3
1102,1.21372,10338.7,1188.44,0.3
1103,1.21348,55909,1188.44,0.3
1104,1.2135,3378.64,1270.54,0.3
1105,1.21376,26721.2,1270.54,0.3
1106,1.21421,2745.24,1270.54,0.3
1107,1.21388,5955.98,1270.54,0.3
1108,1.21378,145363,1270.54,0.3
1109,1.21393,3874.27,1270.54,0.3
1110,1.2144,8211.96,1270.54,0.3
1111,1.21372,1690.33,1270.54,0.3
1112,1.21403,10322.2,1358.31,0.3
1113,1.21362,48454.5,1358.31,0.3
1114,1.21334,11260.3,1358.31,0.3
1115,1.21346,4398.65,1358.31,0.3
1116,1.21335,3567.4,1358.31,0.3
1117,1.21322,2703.35,1358.31,0.3
1118,1.21283,2685.94,1358.31,0.3
1119,1.21251,2489.3,1358.31,0.3
1120,1.21218,5290.03,1358.31,0.3
1121,1.21186,4306.1,1358.31,0.3
1122,1.21194,7895.54,1358.31,0.3
1123,1.21157,3258.76,1358.31,0.3
1124,1.2119,7345.31,1358.31,0.3
1125,1.21152,1990.69,1358.31,0.3
1126,1.21149,2954.71,1358.31,0.3
1127,1.21113,1926.3,1358.31,0.3
1128,1.2113,2667.7,1358.31,0.3
1129,1.21141,3911.65,1452.13,0.3
1130,1.21158,8532.43,1452.13,0.3
1131,1.21184,5733.31,1452.13,0.3
1132,1.21179,21377,1452.13,0.3
1133,1.21181,3739.54,1452.13,0.3
1134,1.21213,5697.49,1452.13,0.3
1135,1.21224,3301.02,1552.44,0.3
1136,1.21233,4888.1,1552.44,0.3
1137,1.21185,2321.18,1552.44,0.3
1138,1.21139,4067.93,1552.44,0.3
1139,1.21116,3087.14,1552.44,0.3
1140,1.21161,14297,1552.44,0.3
1141,1.21102,2356.46,1552.44,0.3
1142,1.2113,3298.38,1552.44,0.3
1143,1.21152,5476.24,1552.44,0.3
1144,1.21151,3326.46,1552.44,0.3
1145,1.21085,3077.08,1552.44,0.3
1146,1.21093,4966.55,1659.68,0.3
1147,1.21114,2984.81,1659.68,0.3
1148,1.21068,2271.99,1659.68,0.3
1149,1.21113,363409,1659.68,0.3
1150,1.21125,4257.73,1659.68,0.3
1151,1.21168,7574.16,1659.68,0.3
1152,1.2114,3239.51,1659.68,0.3
1153,1.21126,7217.77,1659.68,0.3
1154,1.21144,12258.1,1774.33,0.3
1155,1.21167,22358.6,1774.33,0.3
1156,1.21151,2816.47,1774.33,0.3
1157,1.21214,55909,1774.33,0.3
1158,1.21222,7403.36,1774.33,0.3
1159,1.21223,4483.46,1774.33,0.3
1160,1.21197,4109.7,1774.33,0.3
1161,1.21196,24338.9,1774.33,0.3
1162,1.21212,6710.78,1896.9,0.3
1163,1.2115,4381.07,1896.9,0.3
1164,1.21178,13446.9,1896.9,0.3
1165,1.21202,5328.18,1896.9,0.3
1166,1.21222,7176.85,1896.9,0.3
1167,1.21235,15156.3,1896.9,0.3
1168,1.21173,7491.06,1896.9,0.3
1169,1.21152,40378.7,1896.9,0.3
1170,1.21142,103831,1896.9,0.3
1171,1.21139,10020.6,1896.9,0.3
1172,1.21061,2662.62,1896.9,0.3
1173,1.21066,103831,2027.93,0.3
1174,1.2109,4873.72,2027.93,0.3
1175,1.21116,8958.57,2027.93,0.3
1176,1.21148,7035.08,2027.93,0.3
1177,1.21192,8994.62,2027.93,0.3
1178,1.21183,4486.16,2027.93,0.3
1179,1.21119,3744.75,2027.93,0.3
1180,1.21105,10297.8,2027.93,0.3
1181,1.21118,6000.91,2168.01,0.3
1182,1.21142,27312.1,2168.01,0.3
1183,1.21118,5028.06,2168.01,0.3
1184,1.21141,31600.8,2168.01,0.3
1185,1.2115,10719,2168.01,0.3
1186,1.21119,5903.98,2168.01,0.3
1187,1.21117,23686,2168.01,0.3
1188,1.21126,9928.36,2168.01,0.3
1189,1.21086,7315.11,2168.01,0.3
1190,1.2107,4330.77,2168.01,0.3
1191,1.211,70176.4,2317.77,0.3
1192,1.21142,12097.2,2317.77,0.3
1193,1.21122,6395.94,2317.77,0.3
1194,1.21107,6437.01,2317.77,0.3
1195,1.21131,14240.7,2317.77,0.3
1196,1.21128,60583.2,2317.77,0.3
1197,1.21128,7440.36,2317.77,0.3
1198,1.21098,6150.71,2317.77,0.3
1199,1.21111,7024.37,2317.77,0.3
1200,1.21089,10914.1,2317.77,0.3
1201,1.21081,8625.1,2317.77,0.3
1202,1.21095,48454.5,2317.77,0.3
1203,1.21071,4189.75,2317.77,0.3
1204,1.21098,22165.8,2477.88,0.3
1205,1.21142,28578.5,2477.88,0.3
1206,1.21102,10199.4,2477.88,0.3
1207,1.21079,5543.2,2477.88,0.3
1208,1.21077,6613.99,2477.88,0.3
1209,1.21075,4523.01,2477.88,0.3
1210,1.21092,14833.8,2477.88,0.3
1211,1.21115,31901.5,2477.88,0.3
1212,1.21139,7714.92,2477.88,0.3
1213,1.21125,3641.51,2477.88,0.3
1214,1.21124,21406.7,2477.88,0.3
1215,1.21136,31546.9,2649.05,0.3
1216,1.2114,5012.49,2649.05,0.3
1217,1.21163,40414.4,2649.05,0.3
1218,1.2112,5538.07,2649.05,0.3
1219,1.21088,17236.7,2649.05,0.3
1220,1.2108,29846.5,2649.05,0.3
1221,1.21037,5458.92,2649.05,0.3
1222,1.21041,11620.2,2649.05,0.3
1223,1.21058,9443.36,2649.05,0.3
1224,1.21058,8793.56,2832.04,0.3
1225,1.21046,5716.9,2832.04,0.3
1226,1.21022,5521.34,2832.04,0.3
1227,1.21057,18917.2,2832.04,0.3
1228,1.21077,12438.1,2832.04,0.3
1229,1.21089,31094.1,2832.04,0.3
1230,1.21108,29213.5,2832.04,0.3
1231,1.21079,6205.4,2832.04,0.3
1232,1.21046,6039.92,2832.04,0.3
1233,1.21035,22028,2832.04,0.3
1234,1.21008,5925.09,2832.04,0.3
1235,1.21018,19842.4,3027.67,0.3
1236,1.2103,56903.7,3027.67,0.3
1237,1.2104,16646.5,3027.67,0.3
1238,1.21039,8952.84,3027.67,0.3
1239,1.20988,3673.74,3027.67,0.3
1240,1.2098,6399.23,3027.67,0.3
1241,1.21017,52104.6,3027.67,0.3
1242,1.21024,363409,3027.67,0.3
1243,1.21014,20343.5,3027.67,0.3
1244,1.21012,7795.61,3027.67,0.3
1245,1.21002,6235.62,3027.67,0.3
1246,1.20996,16549.4,3027.67,0.3
1247,1.20993,26990.7,3027.67,0.3
1248,1.21017,84412.9,3236.81,0.3
1249,1.21009,22890.5,3236.81,0.3
1250,1.21014,10553.4,3236.81,0.3
1251,1.21021,6478.35,3236.81,0.3
1252,1.21013,5343.64,3236.81,0.3
1253,1.21012,6823.2,3236.81,0.3
1254,1.20984,5703.07,3236.81,0.3
1255,1.21001,18911.5,3236.81,0.3
1256,1.20992,9684.88,3236.81,0.3
1257,1.2098,20892,3236.81,0.3
1258,1.21005,181704,3236.81,0.3
1259,1.21009,13819.1,3460.4,0.3
1260,1.21024,15194.8,3460.4,0.3
1261,1.21048,14174.3,3460.4,0.3
1262,1.21053,17634.6,3460.4,0.3
1263,1.21035,7751.2,3460.4,0.3
1264,1.21009,8936.15,3460.4,0.3
1265,1.21005,9704.39,3460.4,0.3
1266,1.21023,22578,3460.4,0.3
1267,1.21003,19486.2,3460.4,0.3
1268,1.21025,39117.8,3699.44,0.3
1269,1.21008,7995.3,3699.44,0.3
1270,1.21008,14752.9,3699.44,0.3
1271,1.21004,45436,3699.44,0.3
1272,1.21002,19713.6,3699.44,0.3
1273,1.21015,6490.96,3699.44,0.3
1274,1.21022,40535.7,3699.44,0.3
1275,1.21035,10101.3,3699.44,0.3
1276,1.21043,10148.9,3699.44,0.3
1277,1.21014,10873.9,3699.44,0.3
1278,1.21019,36396.8,3954.99,0.3
1279,1.21003,18847.3,3954.99,0.3
1280,1.20993,8008.27,3954.99,0.3
1281,1.20985,18082.2,3954.99,0.3
1282,1.20979,80757.5,3954.99,0.3
1283,1.20967,11003.3,3954.99,0.3
1284,1.20985,27593.6,3954.99,0.3
1285,1.20993,12224.9,3954.99,0.3
1286,1.20979,275167,3954.99,0.3
1287,1.20948,7203.61,3954.99,0.3
1288,1.20958,14462.8,3954.99,0.3
1289,1.2096,50386.9,3954.99,0.3
1290,1.20956,27842.7,3954.99,0.3
1291,1.20954,26138.6,3954.99,0.3
1292,1.20958,34794,4228.19,0.3
1293,1.2094,6975.63,4228.19,0.3
1294,1.20964,1.09023e+06,4228.19,0.3
1295,1.2097,32476,4228.19,0.3
1296,1.20968,9921.55,4228.19,0.3
1297,1.20984,726817,4228.19,0.3
1298,1.20985,13342.6,4228.19,0.3
1299,1.20975,8772.82,4228.19,0.3
1300,1.20986,8044.7,4520.26,0.3
1301,1.20993,30265.2,4520.26,0.3
1302,1.20971,5844.47,4520.26,0.3
1303,1.20983,74480.8,4520.26,0.3
1304,1.20981,83869.7,4520.26,0.3
1305,1.20966,5452.84,4520.26,0.3
1306,1.20969,17888.7,4520.26,0.3
1307,1.20945,30284.7,4520.26,0.3
1308,1.20937,10654.4,4520.26,0.3
1309,1.20943,30326.3,4520.26,0.3
1310,1.20957,32469.4,4832.51,0.3
1311,1.20956,148019,4832.51,0.3
1312,1.2097,23115.3,4832.51,0.3
1313,1.20979,72683.2,4832.51,0.3
1314,1.20963,8871.08,4832.51,0.3
1315,1.20956,10335.4,4832.51,0.3
1316,1.20965,15620.7,4832.51,0.3
1317,1.20954,10454.7,4832.51,0.3
1318,1.20953,14840.2,4832.51,0.3
1319,1.20945,8806.75,4832.51,0.3
1320,1.20956,14143.9,4832.51,0.3
1321,1.20956,10836.5,4832.51,0.3
1322,1.20948,11875.9,4832.51,0.3
1323,1.20951,9639.97,5166.33,0.3
1324,1.20941,12897.8,5166.33,0.3
1325,1.20942,24289.2,5166.33,0.3
1326,1.20955,29320.1,5166.33,0.3
1327,1.20963,17183.1,5166.33,0.3
1328,1.2098,51966.3,5166.33,0.3
1329,1.21006,181705,5523.21,0.3
1330,1.21004,13731.3,5523.21,0.3
1331,1.20987,23478.2,5523.21,0.3
1332,1.20975,726817,5523.21,0.3
1333,1.20982,15264.7,5523.21,0.3
1334,1.20958,8365.28,5523.21,0.3
1335,1.20967,37069,5523.21,0.3
1336,1.20978,40388.7,5523.21,0.3
1337,1.20975,27303,5523.21,0.3
1338,1.2097,16816.7,5523.21,0.3
1339,1.20979,15493.5,5523.21,0.3
1340,1.2098,36027.8,5904.74,0.3
1341,1.20956,43383.2,5904.74,0.3
1342,1.2093,5636.51,5904.74,0.3
1343,1.20926,92206.3,5904.74,0.3
1344,1.20911,22613.6,5904.74,0.3
1345,1.20919,29420.7,5904.74,0.3
1346,1.20926,35015.4,5904.74,0.3
1347,1.20921,11234.7,5904.74,0.3
1348,1.2093,16215.2,5904.74,0.3
1349,1.20932,23437.3,5904.74,0.3
1350,1.20944,34517.3,6312.62,0.3
1351,1.20949,23859.6,6312.62,0.3
1352,1.20963,15704.1,6312.62,0.3
1353,1.20947,20975.1,6312.62,0.3
1354,1.20934,7468.03,6312.62,0.3
1355,1.20937,73695.9,6312.62,0.3
1356,1.20951,42744.5,6312.62,0.3
1357,1.20944,14834.7,6312.62,0.3
1358,1.20935,1.09023e+06,6312.62,0.3
1359,1.20932,21674.4,6312.62,0.3
1360,1.20938,25687.8,6748.68,0.3
1361,1.2093,121139,6748.68,0.3
1362,1.20932,15052.2,6748.68,0.3
1363,1.20931,22129.4,6748.68,0.3
1364,1.20923,10374.8,6748.68,0.3
1365,1.20926,41769.4,6748.68,0.3
1366,1.2092,10317.3,6748.68,0.3
1367,1.20929,728830,6748.68,0.3
1368,1.20925,12659.5,6748.68,0.3
1369,1.20922,18352.8,6748.68,0.3
1370,1.20924,207562,6748.68,0.3
1371,1.2093,23864.2,7214.86,0.3
1372,1.20934,60781,7214.86,0.3
1373,1.20935,103843,7214.86,0.3
1374,1.2093,25494.8,7214.86,0.3
1375,1.20934,20060.3,7214.86,0.3
1376,1.20934,52697.4,7214.86,0.3
1377,1.20922,7648.06,7214.86,0.3
1378,1.20925,47138.8,7713.25,0.3
1379,1.20931,34343.4,7713.25,0.3
1380,1.20938,728830,7713.25,0.3
1381,1.20934,242943,7713.25,0.3
1382,1.20928,242283,7713.25,0.3
1383,1.20935,69996.2,7713.25,0.3
1384,1.20942,96418.7,7713.25,0.3
1385,1.20948,242272,8246.06,0.3
1386,1.20952,181704,8246.06,0.3
1387,1.20952,145378,8246.06,0.3
1388,1.20947,15272.5,8246.06,0.3
1389,1.20953,48781.6,8246.06,0.3
1390,1.20942,53056.2,8246.06,0.3
1391,1.20945,242272,8246.06,0.3
1392,1.20943,16956.7,8246.06,0.3
1393,1.20926,16144,8246.06,0.3
1394,1.20919,13918.6,8246.06,0.3
1395,1.20916,19698.8,8246.06,0.3
1396,1.20926,46207.4,8246.06,0.3
1397,1.20928,37035.5,8815.68,0.3
1398,1.20925,39358.2,8815.68,0.3
1399,1.20925,29456.6,8815.68,0.3
1400,1.20925,32733,8815.68,0.3
1401,1.20925,25305.7,8815.68,0.3
1402,1.2091,13822.9,8815.68,0.3
1403,1.20911,181832,8815.68,0.3
1404,1.20916,30310,8815.68,0.3
1405,1.20919,27202.2,8815.68,0.3
1406,1.2092,183649,9424.65,0.3
1407,1.20925,27405.4,9424.65,0.3
1408,1.20928,56820.6,9424.65,0.3
1409,1.20926,145364,9424.65,0.3
1410,1.20929,91079.5,9424.65,0.3
1411,1.20935,49869.7,9424.65,0.3
1412,1.20931,14673.2,9424.65,0.3
1413,1.20917,186899,9424.65,0.3
1414,1.20913,17189.4,9424.65,0.3
1415,1.20916,57001.9,10075.7,0.3
1416,1.20917,21763,10075.7,0.3
1417,1.20918,64378,10075.7,0.3
1418,1.2092,50652.6,10075.7,0.3
1419,1.20908,16936.5,10075.7,0.3
1420,1.20905,51887.5,10075.7,0.3
1421,1.20894,15890.4,10075.7,0.3
1422,1.20904,727327,10075.7,0.3
1423,1.20906,22312.6,10771.7,0.3
1424,1.20904,16053.6,10771.7,0.3
1425,1.20909,27713.4,10771.7,0.3
1426,1.20914,181884,10771.7,0.3
1427,1.2092,145882,10771.7,0.3
1428,1.2092,363409,10771.7,0.3
1429,1.2092,48307.8,10771.7,0.3
1430,1.20918,22184.5,10771.7,0.3
1431,1.20907,15427.2,10771.7,0.3
1432,1.20907,17241.9,10771.7,0.3
1433,1.20912,51676.6,10771.7,0.3
1434,1.20908,21126.9,10771.7,0.3
1435,1.20911,91055.8,11515.8,0.3
1436,1.20906,17807.5,11515.8,0.3
1437,1.20904,43391,11515.8,0.3
1438,1.20898,61472.8,11515.8,0.3
1439,1.20905,246469,11515.8,0.3
1440,1.20908,363409,11515.8,0.3
1441,1.20901,14283.6,11515.8,0.3
1442,1.20904,23403.1,11515.8,0.3
1443,1.20901,1.09023e+06,11515.8,0.3
1444,1.20893,16916.7,11515.8,0.3
1445,1.20892,145364,11515.8,0.3
1446,1.20897,318295,11515.8,0.3
1447,1.20901,175944,12311.2,0.3
1448,1.20899,34836.9,12311.2,0.3
1449,1.20899,17717,12311.2,0.3
1450,1.20906,92477.6,12311.2,0.3
1451,1.20903,56573.6,12311.2,0.3
1452,1.20909,60609.9,12311.2,0.3
1453,1.20907,66653.9,12311.2,0.3
1454,1.20914,113724,12311.2,0.3
1455,1.20914,84860.4,12311.2,0.3
1456,1.209,25969.4,12311.2,0.3
1457,1.20897,181704,12311.2,0.3
1458,1.20896,363409,12311.2,0.3
1459,1.20892,46768.3,12311.2,0.3
1460,1.20891,42323.3,12311.2,0.3
1461,1.20893,38035.1,12311.2,0.3
1462,1.20897,242277,13161.7,0.3
1463,1.20899,96959.5,13161.7,0.3
1464,1.209,242275,13161.7,0.3
1465,1.20906,185954,13161.7,0.3
1466,1.20914,53212.4,13161.7,0.3
1467,1.20906,727327,13161.7,0.3
1468,1.20908,49138.3,14070.9,0.3
1469,1.20906,66069.1,14070.9,0.3
1470,1.20908,36455.2,14070.9,0.3
1471,1.20916,55404,14070.9,0.3
1472,1.20908,18204.6,14070.9,0.3
1473,1.20904,181772,14070.9,0.3
1474,1.20903,26029,14070.9,0.3
1475,1.20901,29689.6,14070.9,0.3
1476,1.20907,726945,14070.9,0.3
1477,1.20905,90871.9,14070.9,0.3
1478,1.20909,146084,14070.9,0.3
1479,1.20906,40996,14070.9,0.3
1480,1.20909,44344.9,15042.8,0.3
1481,1.20908,47112.5,15042.8,0.3
1482,1.20907,377703,15042.8,0.3
1483,1.20904,26272.9,15042.8,0.3
1484,1.20904,162205,15042.8,0.3
1485,1.20903,154805,15042.8,0.3
1486,1.20907,50246.6,15042.8,0.3
1487,1.20907,182497,15042.8,0.3
1488,1.20906,61982.5,15042.8,0.3
1489,1.20905,22522.9,15042.8,0.3
1490,1.20903,23656.9,15042.8,0.3
1491,1.20902,49278.9,15042.8,0.3
1492,1.20901,1.09023e+06,15042.8,0.3
1493,1.20902,390125,15042.8,0.3
1494,1.20896,22571.5,15042.8,0.3
1495,1.209,54986.6,15042.8,0.3
1496,1.20902,84587.1,15042.8,0.3
1497,1.20897,36990.3,15042.8,0.3
1498,1.20901,40285,16082,0.3
1499,1.20897,15792.2,16082,0.3
1500,1.20894,26467.4,16082,0.3
1501,1.20887,28977.8,16082,0.3
1502,1.20888,80993.8,16082,0.3
1503,1.20894,242315,16082,0.3
1504,1.20894,75528.8,16082,0.3
1505,1.20898,62691.2,16082,0.3
1506,1.20899,291919,17192.9,0.3
1507,1.20897,39614.2,17192.9,0.3
1508,1.20893,40553,17192.9,0.3
1509,1.20894,44982.3,17192.9,0.3
1510,1.2089,23588.6,17192.9,0.3
1511,1.20893,1.09023e+06,17192.9,0.3
1512,1.20892,42490.5,17192.9,0.3
1513,1.20896,69967.3,17192.9,0.3
1514,1.2089,201066,17192.9,0.3
1515,1.20887,182210,17192.9,0.3
1516,1.2088,17095.5,17192.9,0.3
1517,1.2088,46061.9,17192.9,0.3
1518,1.20875,24613.4,17192.9,0.3
1519,1.20879,82857.4,17192.9,0.3
1520,1.20878,242273,17192.9,0.3
1521,1.20882,283421,18380.5,0.3
1522,1.20887,198485,18380.5,0.3
1523,1.20888,50797.5,18380.5,0.3
1524,1.20891,108588,18380.5,0.3
1525,1.20889,53448.8,18380.5,0.3
1526,1.20891,98838.1,18380.5,0.3
1527,1.20893,363409,19650.2,0.3
1528,1.20887,182208,19650.2,0.3
1529,1.20886,41726.1,19650.2,0.3
1530,1.20877,19345.7,19650.2,0.3
1531,1.20878,82475.5,19650.2,0.3
1532,1.20878,42200.6,19650.2,0.3
1533,1.20876,38735,19650.2,0.3
1534,1.2088,82350.3,19650.2,0.3
1535,1.20879,60225.2,19650.2,0.3
1536,1.20877,76697.4,19650.2,0.3
1537,1.20877,71145.8,19650.2,0.3
1538,1.20879,67964.7,19650.2,0.3
1539,1.20879,363409,19650.2,0.3
1540,1.20882,242704,19650.2,0.3
1541,1.20888,245261,21007.6,0.3
1542,1.2089,65974.4,21007.6,0.3
1543,1.20887,45935.5,21007.6,0.3
1544,1.20887,41604.7,21007.6,0.3
1545,1.20886,1.09023e+06,21007.6,0.3
1546,1.20886,38633.3,21007.6,0.3
1547,1.20888,363409,21007.6,0.3
1548,1.20886,56755.5,21007.6,0.3
1549,1.20889,55861.1,21007.6,0.3
1550,1.20892,196218,21007.6,0.3
1551,1.20892,76195.1,21007.6,0.3
1552,1.20893,120554,22458.7,0.3
1553,1.20893,43289.8,22458.7,0.3
1554,1.20892,103312,22458.7,0.3
1555,1.20884,29323.5,22458.7,0.3
1556,1.20882,62246.8,22458.7,0.3
1557,1.20881,58912.4,22458.7,0.3
1558,1.20884,385994,22458.7,0.3
1559,1.20885,78463,22458.7,0.3
1560,1.20885,1.09023e+06,22458.7,0.3
1561,1.20881,33629.3,22458.7,0.3
1562,1.20883,734595,24010.1,0.3
1563,1.20881,106423,24010.1,0.3
1564,1.20882,112295,24010.1,0.3
1565,1.20881,80102,24010.1,0.3
1566,1.2088,318878,24010.1,0.3
1567,1.20878,363411,24010.1,0.3
1568,1.20878,119502,24010.1,0.3
1569,1.20878,63088.2,24010.1,0.3
1570,1.20878,111752,24010.1,0.3
1571,1.20875,52212,24010.1,0.3
1572,1.20876,825503,24010.1,0.3
1573,1.20878,40303.9,24010.1,0.3
1574,1.20874,181720,24010.1,0.3
1575,1.20874,98959.3,24010.1,0.3
1576,1.20874,186982,24010.1,0.3
1577,1.20871,26071.8,24010.1,0.3
1578,1.20872,122558,25668.7,0.3
1579,1.2087,78360.9,25668.7,0.3
1580,1.20872,265105,25668.7,0.3
1581,1.20871,132299,25668.7,0.3
1582,1.20872,98677.2,25668.7,0.3
1583,1.2087,61181.7,25668.7,0.3
1584,1.20872,322725,25668.7,0.3
1585,1.20875,220247,25668.7,0.3
1586,1.20874,1.09023e+06,25668.7,0.3
1587,1.20873,72038.9,25668.7,0.3
1588,1.20874,71044.1,27441.8,0.3
1589,1.20873,243394,27441.8,0.3
1590,1.20876,192469,27441.8,0.3
1591,1.20875,85880.7,27441.8,0.3
1592,1.20875,47856.4,27441.8,0.3
1593,1.20876,109711,27441.8,0.3
1594,1.20877,103437,27441.8,0.3
1595,1.20877,88800.7,27441.8,0.3
1596,1.20878,53333.7,27441.8,0.3
1597,1.2088,63477.9,29337.4,0.3
1598,1.20881,734595,29337.4,0.3
1599,1.20878,71700,29337.4,0.3
1600,1.20876,217484,29337.4,0.3
1601,1.20876,275399,29337.4,0.3
1602,1.20876,246593,29337.4,0.3
1603,1.20875,726817,29337.4,0.3
1604,1.20872,74335.3,29337.4,0.3
1605,1.20871,1.09023e+06,29337.4,0.3
1606,1.20874,100802,29337.4,0.3
1607,1.20872,256757,29337.4,0.3
1608,1.20874,221702,29337.4,0.3
1609,1.20874,105828,29337.4,0.3
1610,1.20873,277276,29337.4,0.3
1611,1.20875,363415,31364,0.3
1612,1.20875,244196,31364,0.3
1613,1.20875,191515,31364,0.3
1614,1.20874,71910.7,31364,0.3
1615,1.20875,215939,31364,0.3
1616,1.20875,133645,31364,0.3
1617,1.20873,59818.3,31364,0.3
1618,1.20875,329768,31364,0.3
1619,1.20873,35955.6,31364,0.3
1620,1.20873,74302.1,31364,0.3
1621,1.20875,156814,31364,0.3
1622,1.20872,68695.4,31364,0.3
1623,1.2087,51782.5,31364,0.3
1624,1.20871,129817,31364,0.3
1625,1.20871,126743,31364,0.3
1626,1.20873,736415,33530.5,0.3
1627,1.20873,76985.8,33530.5,0.3
1628,1.20871,94116,33530.5,0.3
1629,1.20871,157824,33530.5,0.3
1630,1.20873,825502,33530.5,0.3
1631,1.20872,58934.2,33530.5,0.3
1632,1.20872,101187,33530.5,0.3
1633,1.20872,89890.3,33530.5,0.3
1634,1.2087,64863.5,33530.5,0.3
1635,1.20867,123520,33530.5,0.3
1636,1.20866,81443.3,33530.5,0.3
1637,1.20867,65496.1,33530.5,0.3
1638,1.20867,93324.6,33530.5,0.3
1639,1.20866,59459.8,33530.5,0.3
1640,1.20865,75384.2,33530.5,0.3
1641,1.20865,127033,33530.5,0.3
1642,1.20865,62625.6,33530.5,0.3
1643,1.20864,363441,33530.5,0.3
1644,1.20862,123096,33530.5,0.3
1645,1.20865,205390,35846.8,0.3
1646,1.20866,194433,35846.8,0.3
1647,1.20865,77732.5,35846.8,0.3
1648,1.20867,826181,35846.8,0.3
1649,1.20867,71906.8,35846.8,0.3
1650,1.20868,105789,35846.8,0.3
1651,1.20868,363477,35846.8,0.3
1652,1.20866,48344.4,35846.8,0.3
1653,1.20865,188385,35846.8,0.3
1654,1.20866,120526,38323,0.3
1655,1.20867,209813,38323,0.3
1656,1.20867,128024,38323,0.3
1657,1.20867,217639,38323,0.3
1658,1.20867,136269,38323,0.3
1659,1.20866,363935,38323,0.3
1660,1.20868,840385,38323,0.3
1661,1.20868,264171,38323,0.3
1662,1.20869,326765,40970.2,0.3
1663,1.20868,74496.8,40970.2,0.3
1664,1.20866,129959,40970.2,0.3
1665,1.20864,58795.9,40970.2,0.3
1666,1.20867,825510,40970.2,0.3
1667,1.20868,169940,40970.2,0.3
1668,1.20866,79705.1,40970.2,0.3
1669,1.20866,726850,40970.2,0.3
1670,1.20866,143672,40970.2,0.3
1671,1.20867,277739,40970.2,0.3
1672,1.20865,71810.1,40970.2,0.3
1673,1.20866,298761,43800.3,0.3
1674,1.20868,180258,43800.3,0.3
1675,1.20869,726977,43800.3,0.3
1676,1.20871,727329,43800.3,0.3
1677,1.20869,109457,43800.3,0.3
1678,1.20868,142400,43800.3,0.3
1679,1.20868,363426,43800.3,0.3
1680,1.20866,76348.4,43800.3,0.3
1681,1.20866,293109,43800.3,0.3
1682,1.20866,124262,43800.3,0.3
1683,1.20864,106950,43800.3,0.3
1684,1.20863,110791,43800.3,0.3
1685,1.20864,98152.4,46826,0.3
1686,1.20864,127585,46826,0.3
1687,1.20865,160392,46826,0.3
1688,1.20865,295702,46826,0.3
1689,1.20865,173567,46826,0.3
1690,1.20866,428399,46826,0.3
1691,1.20866,176261,46826,0.3
1692,1.20864,72293,46826,0.3
1693,1.20864,394880,46826,0.3
1694,1.20867,901722,50060.6,0.3
1695,1.20867,147368,50060.6,0.3
1696,1.20869,364444,50060.6,0.3
1697,1.20868,289970,50060.6,0.3
1698,1.20867,59862.7,50060.6,0.3
1699,1.20866,123795,50060.6,0.3
1700,1.20865,184691,50060.6,0.3
1701,1.20867,135151,50060.6,0.3
1702,1.20866,140776,50060.6,0.3
1703,1.20864,84696.1,50060.6,0.3
1704,1.20866,372237,50060.6,0.3
1705,1.20867,225712,50060.6,0.3
1706,1.20865,74009.8,50060.6,0.3
1707,1.20865,320935,50060.6,0.3
1708,1.20867,755410,53518.7,0.3
1709,1.20867,119538,53518.7,0.3
1710,1.20867,367534,53518.7,0.3
1711,1.20866,118580,53518.7,0.3
1712,1.20865,242969,53518.7,0.3
1713,1.20863,74055.7,53518.7,0.3
1714,1.20864,369783,53518.7,0.3
1715,1.20863,167093,53518.7,0.3
1716,1.20862,77200.4,53518.7,0.3
1717,1.20862,364542,53518.7,0.3
1718,1.20863,277246,53518.7,0.3
1719,1.20864,727327,53518.7,0.3
1720,1.20865,185857,57215.6,0.3
1721,1.20866,220586,57215.6,0.3
1722,1.20867,151349,57215.6,0.3
1723,1.20867,1.09023e+06,57215.6,0.3
1724,1.20868,828734,57215.6,0.3
1725,1.20866,83698.8,57215.6,0.3
1726,1.20865,208682,57215.6,0.3
1727,1.20865,172318,57215.6,0.3
1728,1.20865,152275,57215.6,0.3
1729,1.20864,215361,57215.6,0.3
1730,1.20864,726825,57215.6,0.3
1731,1.20862,72498.6,57215.6,0.3
1732,1.20863,446123,61167.9,0.3
1733,1.20862,206856,61167.9,0.3
1734,1.20863,726857,61167.9,0.3
1735,1.20864,253640,61167.9,0.3
1736,1.20863,93536.7,61167.9,0.3
1737,1.20863,1.09023e+06,61167.9,0.3
1738,1.20863,726818,61167.9,0.3
1739,1.20862,101321,61167.9,0.3
1740,1.20863,116117,65393.3,0.3
1741,1.20863,552525,65393.3,0.3
1742,1.20863,778171,65393.3,0.3
1743,1.20861,233893,65393.3,0.3
1744,1.2086,1.09023e+06,65393.3,0.3
1745,1.2086,113974,65393.3,0.3
1746,1.2086,381714,65393.3,0.3
1747,1.20862,394495,65393.3,0.3
1748,1.20862,318577,65393.3,0.3
1749,1.20862,1.09023e+06,65393.3,0.3
1750,1.20862,126834,65393.3,0.3
1751,1.20862,374517,65393.3,0.3
1752,1.20863,457403,69910.5,0.3
1753,1.20862,142747,69910.5,0.3
1754,1.20863,549116,69910.5,0.3
1755,1.20863,364427,69910.5,0.3
1756,1.20863,488539,69910.5,0.3
1757,1.20863,366391,69910.5,0.3
1758,1.20863,413981,69910.5,0.3
1759,1.20863,367719,69910.5,0.3
1760,1.20861,297676,69910.5,0.3
1761,1.20861,140654,69910.5,0.3
1762,1.2086,95283.6,69910.5,0.3
1763,1.2086,317415,69910.5,0.3
1764,1.20861,1.09023e+06,69910.5,0.3
1765,1.20862,1.09023e+06,74739.7,0.3
1766,1.20862,1.30401e+06,74739.7,0.3
1767,1.20862,153800,74739.7,0.3
1768,1.20861,226694,74739.7,0.3
1769,1.20861,135879,74739.7,0.3
1770,1.20861,247845,74739.7,0.3
1771,1.20861,421156,74739.7,0.3
1772,1.20861,267672,74739.7,0.3
1773,1.20861,174988,74739.7,0.3
1774,1.20861,231221,74739.7,0.3
1775,1.20862,297450,74739.7,0.3
1776,1.20862,756804,74739.7,0.3
1777,1.20862,323484,74739.7,0.3
1778,1.20861,191454,74739.7,0.3
1779,1.2086,370928,74739.7,0.3
1780,1.20861,588499,74739.7,0.3
1781,1.20861,434343,74739.7,0.3
1782,1.2086,825643,74739.7,0.3
1783,1.2086,840491,74739.7,0.3
1784,1.20859,726820,74739.7,0.3
1785,1.20859,132203,79902.5,0.3
1786,1.20859,417247,79902.5,0.3
1787,1.20859,674663,79902.5,0.3
1788,1.20859,365484,79902.5,0.3
1789,1.20858,1.30401e+06,79902.5,0.3
1790,1.20859,840385,79902.5,0.3
1791,1.2086,273802,79902.5,0.3
1792,1.2086,125809,79902.5,0.3
1793,1.2086,1.30401e+06,85422,0.3
1794,1.2086,728961,85422,0.3
1795,1.2086,413106,85422,0.3
1796,1.20859,184260,85422,0.3
1797,1.20858,726822,85422,0.3
1798,1.20859,374579,85422,0.3
1799,1.20859,466554,85422,0.3
1800,1.20859,825680,85422,0.3
1801,1.20859,241588,85422,0.3
1802,1.20858,1.30401e+06,85422,0.3
1803,1.20858,414584,85422,0.3
1804,1.20858,1.30401e+06,91322.8,0.3
1805,1.20859,398249,91322.8,0.3
1806,1.20859,762826,91322.8,0.3
1807,1.20859,263943,91322.8,0.3
1808,1.20859,1.30401e+06,91322.8,0.3
1809,1.20859,1.30401e+06,91322.8,0.3
1810,1.2086,280279,91322.8,0.3
1811,1.2086,734597,91322.8,0.3
1812,1.20859,476339,91322.8,0.3
1813,1.2086,436470,97631.1,0.3
1814,1.2086,1.30401e+06,97631.1,0.3
1815,1.2086,227971,97631.1,0.3
1816,1.2086,491830,97631.1,0.3
1817,1.2086,1.30401e+06,97631.1,0.3
1818,1.2086,137216,97631.1,0.3
1819,1.20861,1.0908e+06,97631.1,0.3
1820,1.20859,108742,97631.1,0.3
1821,1.20859,736421,97631.1,0.3
1822,1.20859,1.30401e+06,104375,0.3
1823,1.2086,307261,104375,0.3
1824,1.20859,726828,104375,0.3
1825,1.20859,289575,104375,0.3
1826,1.20859,890435,104375,0.3
1827,1.20859,243706,104375,0.3
1828,1.20859,1.14877e+06,104375,0.3
1829,1.20859,623904,104375,0.3
1830,1.2086,1.30639e+06,104375,0.3
1831,1.2086,253245,104375,0.3
1832,1.20859,1.30639e+06,104375,0.3
1833,1.20859,237614,111585,0.3
1834,1.20858,143998,111585,0.3
1835,1.20859,376354,111585,0.3
1836,1.20858,170661,111585,0.3
1837,1.20859,909035,111585,0.3
1838,1.20859,1.30639e+06,111585,0.3
1839,1.20859,600644,111585,0.3
1840,1.20859,264635,111585,0.3
1841,1.20858,311043,111585,0.3
1842,1.20859,413360,111585,0.3
1843,1.20858,458314,111585,0.3
1844,1.20859,727738,119293,0.3
1845,1.20858,825534,119293,0.3
1846,1.20858,422229,119293,0.3
1847,1.20858,181781,119293,0.3
1848,1.20858,288342,119293,0.3
1849,1.20858,801787,119293,0.3
1850,1.20859,1.09864e+06,119293,0.3
1851,1.20859,376738,119293,0.3
1852,1.20859,440347,119293,0.3
1853,1.20859,297208,119293,0.3
1854,1.20858,480357,119293,0.3
1855,1.20859,402353,119293,0.3
1856,1.20858,232878,119293,0.3
1857,1.20858,227353,119293,0.3
1858,1.20858,418705,119293,0.3
1859,1.20858,393687,127534,0.3
1860,1.20857,145087,127534,0.3
1861,1.20857,1.30639e+06,127534,0.3
1862,1.20858,356153,127534,0.3
1863,1.20859,1.1236e+06,127534,0.3
1864,1.20858,234533,127534,0.3
1865,1.20858,587457,127534,0.3
1866,1.20858,339270,127534,0.3
1867,1.20858,1.30639e+06,136344,0.3
1868,1.20858,658624,136344,0.3
1869,1.20858,1.30639e+06,136344,0.3
1870,1.20859,380180,136344,0.3
1871,1.20858,1.30639e+06,136344,0.3
1872,1.20858,471879,136344,0.3
1873,1.20858,727363,136344,0.3
1874,1.20857,742470,136344,0.3
1875,1.20858,778852,136344,0.3
1876,1.20858,345620,136344,0.3
1877,1.20858,187013,136344,0.3
1878,1.20858,798004,145762,0.3
1879,1.20858,736952,145762,0.3
1880,1.20858,227587,145762,0.3
1881,1.20858,830152,145762,0.3
1882,1.20859,1.09864e+06,145762,0.3
1883,1.20859,447132,145762,0.3
1884,1.2086,665564,145762,0.3
1885,1.2086,386240,155831,0.3
1886,1.2086,609599,155831,0.3
1887,1.20859,238176,155831,0.3
1888,1.20859,584883,155831,0.3
1889,1.20858,1.30639e+06,155831,0.3
1890,1.20858,1.31681e+06,155831,0.3
1891,1.20858,255651,155831,0.3
1892,1.20858,1.31681e+06,155831,0.3
1893,1.20858,1.46164e+06,155831,0.3
1894,1.20858,468607,155831,0.3
1895,1.20857,778606,155831,0.3
1896,1.20856,214312,155831,0.3
1897,1.20856,1.12351e+06,155831,0.3
1898,1.20856,241712,155831,0.3
1899,1.20857,901878,166595,0.3
1900,1.20856,316198,166595,0.3
1901,1.20856,1.09571e+06,166595,0.3
1902,1.20856,243219,166595,0.3
1903,1.20856,1.46164e+06,166595,0.3
1904,1.20856,349597,166595,0.3
1905,1.20856,743733,166595,0.3
1906,1.20856,1.46164e+06,166595,0.3
1907,1.20856,900715,166595,0.3
1908,1.20856,1.14906e+06,166595,0.3
1909,1.20856,1.46164e+06,166595,0.3
1910,1.20856,1.46164e+06,166595,0.3
1911,1.20856,253978,166595,0.3
1912,1.20856,1.09076e+06,166595,0.3
1913,1.20856,366083,166595,0.3
1914,1.20856,1.46164e+06,166595,0.3
1915,1.20856,1.46164e+06,166595,0.3
1916,1.20857,1.46164e+06,178103,0.3
1917,1.20857,471549,178103,0.3
1918,1.20857,1.30282e+06,178103,0.3
1919,1.20856,738687,178103,0.3
1920,1.20856,433016,178103,0.3
1921,1.20856,1.46164e+06,178103,0.3
1922,1.20856,808153,178103,0.3
1923,1.20856,482463,178103,0.3
1924,1.20856,1.46164e+06,178103,0.3
1925,1.20855,1.46164e+06,178103,0.3
1926,1.20855,353851,178103,0.3
1927,1.20855,792962,178103,0.3
1928,1.20855,433004,178103,0.3
1929,1.20856,1.31897e+06,178103,0.3
1930,1.20856,1.46164e+06,178103,0.3
1931,1.20856,582347,178103,0.3
1932,1.20856,1.15138e+06,178103,0.3
1933,1.20856,732755,190406,0.3
1934,1.20856,1.09875e+06,190406,0.3
1935,1.20856,1.46164e+06,190406,0.3
1936,1.20856,501944,190406,0.3
1937,1.20856,1.46164e+06,190406,0.3
1938,1.20856,829516,190406,0.3
1939,1.20856,1.46164e+06,190406,0.3
1940,1.20856,438063,190406,0.3
1941,1.20856,1.46164e+06,190406,0.3
1942,1.20856,212211,190406,0.3
1943,1.20856,1.46164e+06,190406,0.3
1944,1.20855,1.46164e+06,190406,0.3
1945,1.20856,1.13583e+06,190406,0.3
1946,1.20856,493989,190406,0.3
1947,1.20856,1.46164e+06,203559,0.3
1948,1.20856,1.16919e+06,203559,0.3
1949,1.20855,1.46164e+06,203559,0.3
1950,1.20855,446048,203559,0.3
1951,1.20855,1.46164e+06,203559,0.3
1952,1.20855,385568,203559,0.3
1953,1.20855,905226,203559,0.3
1954,1.20855,1.46164e+06,203559,0.3
1955,1.20855,1.46164e+06,203559,0.3
1956,1.20855,579691,203559,0.3
1957,1.20855,1.1467e+06,203559,0.3
1958,1.20856,954181,217620,0.3
1959,1.20856,1.46164e+06,217620,0.3
1960,1.20855,1.46164e+06,217620,0.3
1961,1.20855,526680,217620,0.3
1962,1.20855,431319,217620,0.3
1963,1.20855,858389,217620,0.3
1964,1.20855,768932,217620,0.3
1965,1.20855,1.46164e+06,217620,0.3
1966,1.20855,1.46164e+06,217620,0.3
1967,1.20855,629221,217620,0.3
1968,1.20855,1.46164e+06,217620,0.3
1969,1.20855,1.46164e+06,217620,0.3
1970,1.20855,1.46164e+06,217620,0.3
1971,1.20855,867981,217620,0.3
1972,1.20855,733025,217620,0.3
1973,1.20855,731253,217620,0.3
1974,1.20855,1.46164e+06,217620,0.3
1975,1.20856,843464,232653,0.3
1976,1.20856,859613,232653,0.3
1977,1.20855,1.46164e+06,232653,0.3
1978,1.20855,768098,232653,0.3
1979,1.20855,1.46164e+06,232653,0.3
1980,1.20855,628696,232653,0.3
1981,1.20855,359374,232653,0.3
1982,1.20855,1.46164e+06,232653,0.3
1983,1.20855,1.46164e+06,232653,0.3
1984,1.20855,734894,232653,0.3
1985,1.20856,759877,232653,0.3
1986,1.20855,700260,232653,0.3
1987,1.20855,704708,232653,0.3
1988,1.20855,1.46164e+06,232653,0.3
1989,1.20855,739089,232653,0.3
1990,1.20855,1.46164e+06,232653,0.3
1991,1.20855,461301,248724,0.3
1992,1.20855,1.46164e+06,248724,0.3
1993,1.20855,525855,248724,0.3
1994,1.20855,905266,248724,0.3
1995,1.20855,744231,248724,0.3
1996,1.20855,902366,248724,0.3
1997,1.20855,1.46164e+06,248724,0.3
1998,1.20855,888065,248724,0.3
1999,1.20855,408260,248724,0.3
2000,1.20855,909403,248724,0.3
2001,1.20855,444519,248724,0.3
2002,1.20855,1.46164e+06,248724,0.3
2003,1.20855,746025,248724,0.3
2004,1.20855,495538,248724,0.3
2005,1.20854,1.46164e+06,248724,0.3
2006,1.20854,900969,248724,0.3
2007,1.20855,920128,265905,0.3
2008,1.20854,469408,265905,0.3
2009,1.20854,856899,265905,0.3
2010,1.20855,1.46164e+06,265905,0.3
2011,1.20855,1.46164e+06,265905,0.3
2012,1.20855,861071,265905,0.3
2013,1.20855,502291,265905,0.3
2014,1.20855,1.46164e+06,265905,0.3
2015,1.20855,785036,265905,0.3
2016,1.20855,887808,265905,0.3
2017,1.20855,771903,265905,0.3
2018,1.20855,546145,265905,0.3
2019,1.20855,1.46164e+06,265905,0.3
2020,1.20855,857407,265905,0.3
2021,1.20855,454759,284273,0.3
2022,1.20855,326322,284273,0.3
2023,1.20854,733312,284273,0.3
2024,1.20855,557228,284273,0.3
2025,1.20855,896749,284273,0.3
2026,1.20854,1.46164e+06,284273,0.3
2027,1.20854,1.46164e+06,284273,0.3
2028,1.20854,954227,284273,0.3
2029,1.20855,537863,284273,0.3
2030,1.20855,1.33181e+06,284273,0.3
2031,1.20855,670095,284273,0.3
2032,1.20855,1.46164e+06,284273,0.3
2033,1.20855,844868,284273,0.3
2034,1.20855,1.17345e+06,284273,0.3
2035,1.20855,695360,284273,0.3
2036,1.20855,668449,284273,0.3
2037,1.20855,1.46164e+06,284273,0.3
2038,1.20855,1.46164e+06,284273,0.3
2039,1.20855,1.46164e+06,303910,0.3
2040,1.20855,1.46164e+06,303910,0.3
2041,1.20855,1.46164e+06,303910,0.3
2042,1.20855,599341,303910,0.3
2043,1.20855,1.46164e+06,303910,0.3
2044,1.20855,1.46164e+06,303910,0.3
2045,1.20855,1.46164e+06,303910,0.3
2046,1.20854,1.46164e+06,303910,0.3
2047,1.20855,1.34373e+06,303910,0.3
2048,1.20855,1.46164e+06,303910,0.3
2049,1.20855,818058,303910,0.3
2050,1.20855,1.46164e+06,303910,0.3
2051,1.20854,669541,303910,0.3
2052,1.20854,1.15165e+06,303910,0.3
2053,1.20854,959622,303910,0.3
2054,1.20854,1.46164e+06,303910,0.3
2055,1.20854,1.46164e+06,303910,0.3
2056,1.20855,1.45469e+06,303910,0.3
2057,1.20855,1.46164e+06,303910,0.3
2058,1.20855,1.46164e+06,303910,0.3
2059,1.20855,584669,303910,0.3
2060,1.20855,1.30765e+06,324904,0.3
2061,1.20855,1.46164e+06,324904,0.3
2062,1.20854,1.46164e+06,324904,0.3
2063,1.20854,781741,324904,0.3
2064,1.20854,1.15194e+06,324904,0.3
2065,1.20854,1.46164e+06,324904,0.3
2066,1.20854,1.46164e+06,324904,0.3
2067,1.20854,1.46164e+06,324904,0.3
2068,1.20854,1.46164e+06,324904,0.3
2069,1.20854,1.46164e+06,324904,0.3
2070,1.20854,1.46164e+06,324904,0.3
2071,1.20854,1.46164e+06,324904,0.3
2072,1.20854,1.46164e+06,324904,0.3
2073,1.20854,1.15444e+06,324904,0.3
2074,1.20854,651725,324904,0.3
2075,1.20854,1.46164e+06,324904,0.3
2076,1.20854,999630,324904,0.3
2077,1.20855,1.14964e+06,347347,0.3
2078,1.20855,1.34373e+06,347347,0.3
2079,1.20855,1.46164e+06,347347,0.3
2080,1.20855,1.46164e+06,347347,0.3
2081,1.20854,1.30532e+06,347347,0.3
2082,1.20855,1.46164e+06,347347,0.3
2083,1.20855,1.31898e+06,347347,0.3
2084,1.20855,1.67681e+06,347347,0.3
2085,1.20855,1.67681e+06,347347,0.3
2086,1.20855,1.67011e+06,347347,0.3
2087,1.20855,1.67681e+06,347347,0.3
2088,1.20855,833828,347347,0.3
2089,1.20855,1.33181e+06,347347,0.3
2090,1.20855,1.1304e+06,347347,0.3
2091,1.20854,1.67681e+06,347347,0.3
2092,1.20855,1.20897e+06,347347,0.3
2093,1.20854,1.67681e+06,347347,0.3
2094,1.20854,805356,347347,0.3
2095,1.20854,1.67681e+06,371341,0.3
2096,1.20854,1.67681e+06,371341,0.3
2097,1.20854,1.30659e+06,371341,0.3
2098,1.20854,1.5763e+06,371341,0.3
2099,1.20855,1.47669e+06,371341,0.3
2100,1.20855,1.67681e+06,371341,0.3
2101,1.20855,1.30541e+06,371341,0.3
2102,1.20855,1.67681e+06,371341,0.3
2103,1.20854,1.67681e+06,371341,0.3
2104,1.20854,876574,371341,0.3
2105,1.20855,640911,371341,0.3
2106,1.20855,1.17147e+06,371341,0.3
2107,1.20854,809459,371341,0.3
2108,1.20854,1.34201e+06,371341,0.3
2109,1.20855,1.47023e+06,371341,0.3
2110,1.20855,769939,396992,0.3
2111,1.20855,711921,396992,0.3
2112,1.20854,836690,396992,0.3
2113,1.20855,1.34291e+06,396992,0.3
2114,1.20855,1.67681e+06,396992,0.3
2115,1.20854,1.67681e+06,396992,0.3
2116,1.20854,1.33278e+06,396992,0.3
2117,1.20854,1.12774e+06,396992,0.3
2118,1.20855,878749,396992,0.3
2119,1.20854,500489,396992,0.3
2120,1.20855,1.67681e+06,396992,0.3
2121,1.20855,1.67681e+06,396992,0.3
2122,1.20855,1.33099e+06,396992,0.3
2123,1.20855,1.15219e+06,396992,0.3
2124,1.20854,1.67681e+06,396992,0.3
2125,1.20854,1.17343e+06,396992,0.3
2126,1.20854,811831,396992,0.3
2127,1.20854,1.67681e+06,396992,0.3
2128,1.20854,1.67681e+06,396992,0.3
2129,1.20854,1.67681e+06,396992,0.3
2130,1.20854,1.67681e+06,396992,0.3
2131,1.20854,1.67681e+06,396992,0.3
2132,1.20854,1.35487e+06,424416,0.3
2133,1.20854,1.67681e+06,424416,0.3
2134,1.20854,949953,424416,0.3
2135,1.20854,1.67681e+06,424416,0.3
2136,1.20854,1.48411e+06,424416,0.3
2137,1.20854,1.67681e+06,424416,0.3
2138,1.20854,1.67681e+06,424416,0.3
2139,1.20854,1.57142e+06,424416,0.3
2140,1.20854,1.19301e+06,424416,0.3
2141,1.20854,1.67681e+06,424416,0.3
2142,1.20854,1.34455e+06,424416,0.3
2143,1.20854,1.1911e+06,424416,0.3
2144,1.20854,876921,424416,0.3
2145,1.20854,708883,424416,0.3
2146,1.20854,1.59044e+06,424416,0.3
2147,1.20854,949805,424416,0.3
2148,1.20854,1.67681e+06,424416,0.3
2149,1.20854,1.57115e+06,453733,0.3
2150,1.20854,1.48411e+06,453733,0.3
2151,1.20854,1.12191e+06,453733,0.3
2152,1.20854,1.67681e+06,453733,0.3
2153,1.20854,1.67681e+06,453733,0.3
2154,1.20854,1.35405e+06,453733,0.3
2155,1.20854,1.67681e+06,453733,0.3
2156,1.20854,1.17324e+06,453733,0.3
2157,1.20854,1.20912e+06,453733,0.3
2158,1.20854,1.67681e+06,453733,0.3
2159,1.20854,1.36468e+06,453733,0.3
2160,1.20854,1.67681e+06,453733,0.3
2161,1.20854,1.01763e+06,453733,0.3
2162,1.20854,1.67681e+06,453733,0.3
2163,1.20854,1.58107e+06,453733,0.3
2164,1.20854,1.67681e+06,453733,0.3
2165,1.20854,1.31913e+06,453733,0.3
2166,1.20855,1.67681e+06,453733,0.3
2167,1.20855,616860,453733,0.3
2168,1.20854,1.12774e+06,453733,0.3
2169,1.20854,1.67681e+06,453733,0.3
2170,1.20854,1.67681e+06,453733,0.3
2171,1.20854,1.67681e+06,453733,0.3
2172,1.20854,1.67681e+06,453733,0.3
2173,1.20854,1.67681e+06,453733,0.3
2174,1.20854,1.67681e+06,453733,0.3
2175,1.20855,1.67681e+06,485076,0.3
2176,1.20854,991343,485076,0.3
2177,1.20854,1.67681e+06,485076,0.3
2178,1.20854,1.33366e+06,485076,0.3
2179,1.20855,1.15169e+06,485076,0.3
2180,1.20854,1.67681e+06,485076,0.3
2181,1.20855,1.17751e+06,485076,0.3
2182,1.20854,1.12357e+06,485076,0.3
2183,1.20854,1.67681e+06,485076,0.3
2184,1.20854,1.67681e+06,485076,0.3
2185,1.20855,1.36468e+06,485076,0.3
2186,1.20855,1.67681e+06,485076,0.3
2187,1.20854,1.12739e+06,485076,0.3
2188,1.20854,1.67681e+06,485076,0.3
2189,1.20854,1.59044e+06,485076,0.3
2190,1.20854,1.34373e+06,485076,0.3
2191,1.20854,1.32116e+06,485076,0.3
2192,1.20854,991343,485076,0.3
2193,1.20855,1.67681e+06,518584,0.3
2194,1.20854,1.12774e+06,518584,0.3
2195,1.20854,1.12774e+06,518584,0.3
2196,1.20854,1.67681e+06,518584,0.3
2197,1.20854,1.67681e+06,518584,0.3
2198,1.20854,956225,518584,0.3
2199,1.20854,1.1911e+06,518584,0.3
2200,1.20854,1.67681e+06,518584,0.3
2201,1.20854,1.19472e+06,518584,0.3
2202,1.20854,1.67681e+06,518584,0.3
2203,1.20854,1.67681e+06,518584,0.3
2204,1.20854,888065,518584,0.3
2205,1.20854,1.67681e+06,518584,0.3
2206,1.20854,1.34284e+06,518584,0.3
2207,1.20854,650980,518584,0.3
2208,1.20854,1.67681e+06,518584,0.3
2209,1.20854,1.4775e+06,518584,0.3
2210,1.20854,921464,518584,0.3
2211,1.20854,1.17366e+06,518584,0.3
2212,1.20854,1.67681e+06,518584,0.3
2213,1.20854,1.67681e+06,518584,0.3
2214,1.20854,1.67681e+06,518584,0.3
2215,1.20854,782652,518584,0.3
2216,1.20854,1.67681e+06,518584,0.3
2217,1.20854,1.4771e+06,518584,0.3
2218,1.20854,1.67011e+06,554407,0.3
2219,1.20854,1.67681e+06,554407,0.3
2220,1.20854,1.67681e+06,554407,0.3
2221,1.20854,1.67681e+06,554407,0.3
2222,1.20854,965584,554407,0.3
2223,1.20854,1.02186e+06,554407,0.3
2224,1.20854,1.67681e+06,554407,0.3
2225,1.20854,1.30551e+06,554407,0.3
2226,1.20854,1.67681e+06,554407,0.3
2227,1.20854,1.48372e+06,554407,0.3
2228,1.20854,1.67681e+06,554407,0.3
2229,1.20854,1.4775e+06,554407,0.3
2230,1.20854,1.67681e+06,554407,0.3
2231,1.20854,1.47066e+06,554407,0.3
2232,1.20854,1.67681e+06,554407,0.3
2233,1.20854,1.67681e+06,554407,0.3
2234,1.20854,1.67681e+06,554407,0.3
2235,1.20854,1.67681e+06,554407,0.3
2236,1.20854,1.67681e+06,554407,0.3
2237,1.20854,1.67681e+06,554407,0.3
2238,1.20854,818453,554407,0.3
2239,1.20854,816929,554407,0.3
2240,1.20854,1.1754e+06,554407,0.3
2241,1.20854,1.67681e+06,554407,0.3
2242,1.20854,1.67681e+06,554407,0.3
2243,1.20854,825502,554407,0.3
2244,1.20854,966360,554407,0.3
2245,1.20854,1.74978e+06,554407,0.3
2246,1.20854,995552,592704,0.3
2247,1.20854,1.74978e+06,592704,0.3
2248,1.20854,1.74978e+06,592704,0.3
2249,1.20854,1.74978e+06,592704,0.3
2250,1.20854,1.74978e+06,592704,0.3
2251,1.20854,1.74978e+06,592704,0.3
2252,1.20854,1.58129e+06,592704,0.3
2253,1.20854,1.74978e+06,592704,0.3
2254,1.20854,1.74978e+06,592704,0.3
2255,1.20854,1.47021e+06,592704,0.3
2256,1.20854,999630,592704,0.3
2257,1.20854,1.74978e+06,592704,0.3
2258,1.20854,753346,592704,0.3
2259,1.20854,1.02538e+06,592704,0.3
2260,1.20854,1.74978e+06,592704,0.3
2261,1.20854,1.74978e+06,592704,0.3
2262,1.20854,1.15881e+06,592704,0.3
2263,1.20854,1.02538e+06,592704,0.3
2264,1.20854,1.67349e+06,592704,0.3
2265,1.20854,1.74978e+06,592704,0.3
2266,1.20854,1.15881e+06,633646,0.3
2267,1.20854,1.74978e+06,633646,0.3
2268,1.20854,1.74978e+06,633646,0.3
2269,1.20854,1.07036e+06,633646,0.3
2270,1.20854,1.74978e+06,633646,0.3
2271,1.20854,1.74978e+06,633646,0.3
2272,1.20853,1.74978e+06,633646,0.3
2273,1.20853,1.74978e+06,633646,0.3
2274,1.20853,1.74978e+06,633646,0.3
2275,1.20853,1.74978e+06,633646,0.3
2276,1.20853,1.74978e+06,633646,0.3
2277,1.20853,1.23941e+06,633646,0.3
2278,1.20854,1.58592e+06,633646,0.3
2279,1.20854,1.74978e+06,633646,0.3
2280,1.20854,1.47066e+06,633646,0.3
2281,1.20853,1.19301e+06,633646,0.3
2282,1.20853,1.13831e+06,633646,0.3
2283,1.20854,1.74978e+06,633646,0.3
2284,1.20853,1.74978e+06,633646,0.3
2285,1.20854,1.74978e+06,633646,0.3
2286,1.20854,1.74978e+06,633646,0.3
2287,1.20854,1.34455e+06,633646,0.3
2288,1.20854,1.74978e+06,633646,0.3
2289,1.20854,1.74978e+06,633646,0.3
2290,1.20854,1.74978e+06,633646,0.3
2291,1.20854,1.74978e+06,677417,0.3
2292,1.20854,1.58129e+06,677417,0.3
2293,1.20854,1.81908e+06,677417,0.3
2294,1.20854,1.81908e+06,677417,0.3
2295,1.20854,991343,677417,0.3
2296,1.20854,1.23941e+06,677417,0.3
2297,1.20854,1.49049e+06,677417,0.3
2298,1.20854,1.81908e+06,677417,0.3
2299,1.20854,1.81908e+06,677417,0.3
2300,1.20854,1.81908e+06,677417,0.3
2301,1.20854,1.7523e+06,677417,0.3
2302,1.20854,1.81908e+06,677417,0.3
2303,1.20854,1.81908e+06,677417,0.3
2304,1.20854,1.36468e+06,677417,0.3
2305,1.20854,1.81908e+06,677417,0.3
2306,1.20854,1.22411e+06,677417,0.3
2307,1.20854,1.13554e+06,677417,0.3
2308,1.20854,1.49049e+06,677417,0.3
2309,1.20854,1.81908e+06,677417,0.3
2310,1.20854,1.04577e+06,677417,0.3
2311,1.20854,1.4771e+06,677417,0.3
2312,1.20854,1.81908e+06,677417,0.3
2313,1.20854,1.58592e+06,677417,0.3
2314,1.20854,1.81908e+06,677417,0.3
2315,1.20854,1.81908e+06,677417,0.3
2316,1.20854,995552,677417,0.3
2317,1.20854,1.81908e+06,724211,0.3
2318,1.20854,1.4771e+06,724211,0.3
2319,1.20854,1.48411e+06,724211,0.3
2320,1.20854,1.02538e+06,724211,0.3
2321,1.20854,1.81908e+06,724211,0.3
2322,1.20854,1.81908e+06,724211,0.3
2323,1.20854,1.81908e+06,724211,0.3
2324,1.20854,1.4771e+06,724211,0.3
2325,1.20854,1.7523e+06,724211,0.3
2326,1.20854,1.20912e+06,724211,0.3
2327,1.20854,816929,724211,0.3
2328,1.20854,1.67681e+06,724211,0.3
2329,1.20854,1.7523e+06,724211,0.3
2330,1.20854,1.22551e+06,724211,0.3
2331,1.20854,1.81908e+06,724211,0.3
2332,1.20854,1.49049e+06,774238,0.3
2333,1.20854,1.36468e+06,774238,0.3
2334,1.20854,1.81908e+06,774238,0.3
2335,1.20854,1.81908e+06,774238,0.3
2336,1.20854,1.81908e+06,774238,0.3
2337,1.20854,1.33278e+06,774238,0.3
2338,1.20854,1.81908e+06,774238,0.3
2339,1.20854,1.06765e+06,774238,0.3
2340,1.20854,1.19472e+06,774238,0.3
2341,1.20854,1.02186e+06,774238,0.3
2342,1.20854,1.81908e+06,774238,0.3
2343,1.20854,1.36468e+06,774238,0.3
2344,1.20854,1.81908e+06,774238,0.3
2345,1.20854,1.81908e+06,774238,0.3
2346,1.20854,1.47066e+06,774238,0.3
2347,1.20854,1.81908e+06,774238,0.3
2348,1.20854,1.81908e+06,774238,0.3
2349,1.20854,1.81908e+06,774238,0.3
2350,1.20854,914190,774238,0.3
2351,1.20854,1.81908e+06,774238,0.3
2352,1.20854,1.81908e+06,774238,0.3
2353,1.20854,999630,774238,0.3
2354,1.20854,1.81908e+06,774238,0.3
2355,1.20854,1.74978e+06,827721,0.3
2356,1.20854,1.81908e+06,827721,0.3
2357,1.20854,1.81908e+06,827721,0.3
2358,1.20854,1.81908e+06,827721,0.3
2359,1.20854,1.19472e+06,827721,0.3
2360,1.20854,1.81908e+06,827721,0.3
2361,1.20854,1.36468e+06,827721,0.3
2362,1.20854,1.04884e+06,827721,0.3
2363,1.20854,1.81908e+06,827721,0.3
2364,1.20854,1.81908e+06,827721,0.3
2365,1.20854,1.34455e+06,827721,0.3
2366,1.20854,1.4775e+06,827721,0.3
2367,1.20854,1.58129e+06,827721,0.3
2368,1.20854,1.81908e+06,827721,0.3
2369,1.20854,1.7523e+06,827721,0.3
2370,1.20854,1.81908e+06,827721,0.3
2371,1.20854,1.81908e+06,827721,0.3
2372,1.20853,1.37403e+06,827721,0.3
2373,1.20854,1.81908e+06,827721,0.3
2374,1.20854,1.36468e+06,827721,0.3
2375,1.20854,1.81908e+06,827721,0.3
2376,1.20854,1.81908e+06,827721,0.3
2377,1.20854,1.81908e+06,827721,0.3
2378,1.20853,1.4775e+06,827721,0.3
2379,1.20853,1.81908e+06,827721,0.3
2380,1.20853,1.58129e+06,827721,0.3
2381,1.20853,1.81908e+06,827721,0.3
2382,1.20854,1.37403e+06,827721,0.3
2383,1.20854,1.81908e+06,827721,0.3
2384,1.20854,1.81908e+06,827721,0.3
2385,1.20854,1.81908e+06,827721,0.3
2386,1.20854,999630,827721,0.3
2387,1.20854,1.37403e+06,884898,0.3
2388,1.20854,1.81908e+06,884898,0.3
2389,1.20854,1.48411e+06,884898,0.3
2390,1.20854,1.81908e+06,884898,0.3
2391,1.20854,1.81908e+06,884898,0.3
2392,1.20854,1.81908e+06,884898,0.3
2393,1.20854,991343,884898,0.3
2394,1.20854,1.81908e+06,884898,0.3
2395,1.20854,1.81908e+06,884898,0.3
2396,1.20854,1.81908e+06,884898,0.3
2397,1.20854,1.81908e+06,884898,0.3
2398,1.20853,1.81908e+06,884898,0.3
2399,1.20854,1.49049e+06,884898,0.3
2400,1.20854,1.81908e+06,884898,0.3
2401,1.20854,1.57655e+06,884898,0.3
2402,1.20854,1.36468e+06,884898,0.3
2403,1.20853,1.67681e+06,884898,0.3
2404,1.20854,1.81908e+06,884898,0.3
2405,1.20854,1.81908e+06,884898,0.3
2406,1.20854,1.37403e+06,884898,0.3
2407,1.20854,1.81908e+06,884898,0.3
2408,1.20854,1.48411e+06,946024,0.3
2409,1.20854,1.07036e+06,946024,0.3
2410,1.20854,1.81908e+06,946024,0.3
2411,1.20854,1.4775e+06,946024,0.3
2412,1.20854,1.67681e+06,946024,0.3
2413,1.20854,1.81908e+06,946024,0.3
2414,1.20854,1.81908e+06,946024,0.3
2415,1.20854,1.81908e+06,946024,0.3
2416,1.20854,1.81908e+06,946024,0.3
2417,1.20854,1.81908e+06,946024,0.3
2418,1.20854,1.81908e+06,946024,0.3
2419,1.20854,1.81908e+06,946024,0.3
2420,1.20854,1.81908e+06,946024,0.3
2421,1.20854,1.81908e+06,946024,0.3
2422,1.20853,1.81908e+06,946024,0.3
2423,1.20854,1.81908e+06,946024,0.3
2424,1.20854,1.49049e+06,946024,0.3
2425,1.20853,1.81908e+06,946024,0.3
2426,1.20854,1.81908e+06,946024,0.3
2427,1.20853,1.81908e+06,946024,0.3
2428,1.20854,1.81908e+06,946024,0.3
2429,1.20854,1.81908e+06,946024,0.3
2430,1.20854,1.22551e+06,946024,0.3
2431,1.20854,1.48411e+06,946024,0.3
2432,1.20854,1.81908e+06,946024,0.3
2433,1.20854,1.81908e+06,946024,0.3
2434,1.20854,1.81908e+06,946024,0.3
2435,1.20854,1.81908e+06,946024,0.3
2436,1.20854,1.81908e+06,946024,0.3
2437,1.20854,1.34373e+06,946024,0.3
2438,1.20854,1.81908e+06,946024,0.3
2439,1.20854,1.4775e+06,946024,0.3
2440,1.20854,1.81908e+06,946024,0.3
2441,1.20853,1.81908e+06,946024,0.3
2442,1.20854,1.48411e+06,1.01137e+06,0.3
2443,1.20854,1.36468e+06,1.01137e+06,0.3
2444,1.20854,1.81908e+06,1.01137e+06,0.3
2445,1.20854,1.74978e+06,1.01137e+06,0.3
2446,1.20854,1.7523e+06,1.01137e+06,0.3
2447,1.20854,1.81908e+06,1.01137e+06,0.3
2448,1.20854,1.81908e+06,1.01137e+06,0.3
2449,1.20853,1.81908e+06,1.01137e+06,0.3
2450,1.20854,1.81908e+06,1.01137e+06,0.3
2451,1.20854,1.81908e+06,1.01137e+06,0.3
2452,1.20854,1.81908e+06,1.01137e+06,0.3
2453,1.20854,1.81908e+06,1.01137e+06,0.3
2454,1.20854,1.81908e+06,1.01137e+06,0.3
2455,1.20854,1.7523e+06,1.01137e+06,0.3
2456,1.20854,1.81908e+06,1.01137e+06,0.3
2457,1.20854,1.49049e+06,1.01137e+06,0.3
2458,1.20854,1.81908e+06,1.01137e+06,0.3
2459,1.20853,1.81908e+06,1.01137e+06,0.3
2460,1.20854,1.58129e+06,1.01137e+06,0.3
2461,1.20854,1.67681e+06,1.01137e+06,0.3
2462,1.20854,1.81908e+06,1.01137e+06,0.3
2463,1.20854,1.81908e+06,1.01137e+06,0.3
2464,1.20854,1.81908e+06,1.01137e+06,0.3
2465,1.20854,1.81908e+06,1.01137e+06,0.3
2466,1.20854,1.48411e+06,1.01137e+06,0.3
2467,1.20854,1.59044e+06,1.01137e+06,0.3
2468,1.20854,1.81908e+06,1.01137e+06,0.3
2469,1.20854,1.67681e+06,1.01137e+06,0.3
2470,1.20854,1.81908e+06,1.01137e+06,0.3
2471,1.20854,1.81908e+06,1.01137e+06,0.3
2472,1.20854,1.81908e+06,1.08124e+06,0.3
2473,1.20854,1.67349e+06,1.08124e+06,0.3
2474,1.20854,1.81908e+06,1.08124e+06,0.3
2475,1.20854,1.81908e+06,1.08124e+06,0.3
2476,1.20854,1.36468e+06,1.08124e+06,0.3
2477,1.20853,1.58129e+06,1.08124e+06,0.3
2478,1.20854,1.81908e+06,1.08124e+06,0.3
2479,1.20854,1.8788e+06,1.08124e+06,0.3
2480,1.20854,1.8788e+06,1.08124e+06,0.3
2481,1.20854,1.8788e+06,1.08124e+06,0.3
2482,1.20854,1.8788e+06,1.08124e+06,0.3
2483,1.20854,1.8788e+06,1.08124e+06,0.3
2484,1.20854,1.36468e+06,1.08124e+06,0.3
2485,1.20854,1.8788e+06,1.08124e+06,0.3
2486,1.20853,1.7523e+06,1.08124e+06,0.3
2487,1.20853,886963,1.08124e+06,0.3
2488,1.20853,1.8788e+06,1.08124e+06,0.3
2489,1.20853,1.22551e+06,1.08124e+06,0.3
2490,1.20853,1.8788e+06,1.08124e+06,0.3
2491,1.20853,1.49049e+06,1.08124e+06,0.3
2492,1.20853,1.8788e+06,1.08124e+06,0.3
2493,1.20853,1.37403e+06,1.08124e+06,0.3
2494,1.20853,1.8788e+06,1.08124e+06,0.3
2495,1.20853,1.8788e+06,1.08124e+06,0.3
2496,1.20853,1.8788e+06,1.08124e+06,0.3
2497,1.20854,1.81908e+06,1.08124e+06,0.3
2498,1.20854,1.67681e+06,1.08124e+06,0.3
2499,1.20854,1.8788e+06,1.08124e+06,0.3
2500,1.20854,1.59044e+06,1.08124e+06,0.3
2501,1.20854,1.67681e+06,1.08124e+06,0.3
2502,1.20854,1.8788e+06,1.08124e+06,0.3
2503,1.20854,1.67349e+06,1.08124e+06,0.3
2504,1.20854,1.8788e+06,1.08124e+06,0.3
2505,1.20854,1.8788e+06,1.08124e+06,0.3
2506,1.20854,1.48411e+06,1.08124e+06,0.3
2507,1.20853,1.8788e+06,1.08124e+06,0.3
2508,1.20854,1.8788e+06,1.15593e+06,0.3
2509,1.20853,1.8788e+06,1.15593e+06,0.3
2510,1.20854,1.67349e+06,1.15593e+06,0.3
2511,1.20853,1.8788e+06,1.15593e+06,0.3
2512,1.20853,1.8788e+06,1.15593e+06,0.3
2513,1.20853,1.8788e+06,1.15593e+06,0.3
2514,1.20853,1.8788e+06,1.15593e+06,0.3
2515,1.20853,1.8788e+06,1.15593e+06,0.3
2516,1.20853,1.59044e+06,1.15593e+06,0.3
2517,1.20853,1.8788e+06,1.15593e+06,0.3
2518,1.20853,1.8788e+06,1.15593e+06,0.3
2519,1.20853,1.8788e+06,1.15593e+06,0.3
2520,1.20853,1.67349e+06,1.15593e+06,0.3
2521,1.20853,1.23941e+06,1.15593e+06,0.3
2522,1.20853,1.8788e+06,1.15593e+06,0.3
2523,1.20853,1.8788e+06,1.15593e+06,0.3
2524,1.20853,1.8788e+06,1.15593e+06,0.3
2525,1.20853,1.8788e+06,1.15593e+06,0.3
2526,1.20853,1.67681e+06,1.15593e+06,0.3
2527,1.20853,1.8788e+06,1.15593e+06,0.3
2528,1.20853,1.7523e+06,1.15593e+06,0.3
2529,1.20853,1.8788e+06,1.15593e+06,0.3
2530,1.20853,1.8788e+06,1.15593e+06,0.3
2531,1.20853,1.8788e+06,1.15593e+06,0.3
2532,1.20854,1.22551e+06,1.15593e+06,0.3
2533,1.20853,1.8788e+06,1.15593e+06,0.3
2534,1.20853,1.67681e+06,1.15593e+06,0.3
2535,1.20854,1.7523e+06,1.15593e+06,0.3
2536,1.20854,1.67011e+06,1.15593e+06,0.3
2537,1.20854,1.8788e+06,1.15593e+06,0.3
2538,1.20854,1.8788e+06,1.15593e+06,0.3
2539,1.20854,1.8788e+06,1.15593e+06,0.3
2540,1.20854,1.8788e+06,1.15593e+06,0.3
2541,1.20854,1.8788e+06,1.15593e+06,0.3
2542,1.20854,1.8788e+06,1.15593e+06,0.3
2543,1.20853,1.58129e+06,1.15593e+06,0.3
2544,1.20854,1.7523e+06,1.15593e+06,0.3
2545,1.20854,1.8788e+06,1.15593e+06,0.3
2546,1.20853,1.8788e+06,1.15593e+06,0.3
2547,1.20853,1.59044e+06,1.15593e+06,0.3
2548,1.20853,1.8788e+06,1.15593e+06,0.3
2549,1.20853,1.8788e+06,1.15593e+06,0.3
2550,1.20853,1.8788e+06,1.15593e+06,0.3
2551,1.20853,1.8788e+06,1.15593e+06,0.3
2552,1.20853,1.8788e+06,1.23577e+06,0.3
2553,1.20853,1.8788e+06,1.23577e+06,0.3
2554,1.20853,1.8788e+06,1.23577e+06,0.3
2555,1.20854,1.59044e+06,1.23577e+06,0.3
2556,1.20853,1.59044e+06,1.23577e+06,0.3
2557,1.20853,1.8788e+06,1.23577e+06,0.3
2558,1.20853,1.8788e+06,1.23577e+06,0.3
2559,1.20854,1.8788e+06,1.23577e+06,0.3
2560,1.20853,1.8788e+06,1.23577e+06,0.3
2561,1.20854,1.8788e+06,1.23577e+06,0.3
2562,1.20854,1.8788e+06,1.23577e+06,0.3
2563,1.20854,1.8788e+06,1.23577e+06,0.3
2564,1.20853,1.8788e+06,1.23577e+06,0.3
2565,1.20853,1.7523e+06,1.23577e+06,0.3
2566,1.20854,914190,1.23577e+06,0.3
2567,1.20853,1.32212e+06,1.23577e+06,0.3
2568,1.20853,1.49049e+06,1.32114e+06,0.3
2569,1.20853,1.8788e+06,1.32114e+06,0.3
2570,1.20853,1.8788e+06,1.32114e+06,0.3
2571,1.20853,1.8788e+06,1.32114e+06,0.3
2572,1.20853,1.8788e+06,1.32114e+06,0.3
2573,1.20853,1.49049e+06,1.32114e+06,0.3
2574,1.20853,1.8788e+06,1.32114e+06,0.3
2575,1.20853,1.8788e+06,1.32114e+06,0.3
2576,1.20853,1.8788e+06,1.32114e+06,0.3
2577,1.20853,1.8788e+06,1.32114e+06,0.3
2578,1.20853,1.8788e+06,1.32114e+06,0.3
2579,1.20853,1.8788e+06,1.32114e+06,0.3
2580,1.20853,1.8788e+06,1.32114e+06,0.3
2581,1.20853,1.59044e+06,1.32114e+06,0.3
2582,1.20853,1.8788e+06,1.32114e+06,0.3
2583,1.20853,1.49049e+06,1.32114e+06,0.3
2584,1.20853,1.8788e+06,1.4124e+06,0.3
2585,1.20853,1.8788e+06,1.4124e+06,0.3
2586,1.20853,1.8788e+06,1.4124e+06,0.3
2587,1.20853,1.7523e+06,1.4124e+06,0.3
2588,1.20854,1.8788e+06,1.4124e+06,0.3
2589,1.20853,1.8788e+06,1.4124e+06,0.3
2590,1.20853,1.49049e+06,1.4124e+06,0.3
2591,1.20853,1.8788e+06,1.4124e+06,0.3
2592,1.20854,1.8788e+06,1.4124e+06,0.3
2593,1.20853,1.8788e+06,1.4124e+06,0.3
2594,1.20853,1.8788e+06,1.4124e+06,0.3
2595,1.20853,1.7523e+06,1.4124e+06,0.3
2596,1.20854,1.8788e+06,1.4124e+06,0.3
2597,1.20853,1.8788e+06,1.4124e+06,0.3
2598,1.20853,1.49049e+06,1.4124e+06,0.3
2599,1.20854,1.81908e+06,1.50997e+06,0.3
2600,1.20854,1.81908e+06,1.50997e+06,0.3
2601,1.20854,1.67681e+06,1.50997e+06,0.3
2602,1.20854,1.8788e+06,1.50997e+06,0.3
2603,1.20854,1.8788e+06,1.50997e+06,0.3
2604,1.20854,1.67681e+06,1.50997e+06,0.3
2605,1.20854,1.59044e+06,1.50997e+06,0.3
2606,1.20854,1.8788e+06,1.50997e+06,0.3
2607,1.20854,1.8788e+06,1.50997e+06,0.3
2608,1.20853,1.8788e+06,1.50997e+06,0.3
2609,1.20854,1.8788e+06,1.50997e+06,0.3
2610,1.20854,1.21066e+06,1.50997e+06,0.3
2611,1.20853,1.37403e+06,1.50997e+06,0.3
2612,1.20853,1.8788e+06,1.50997e+06,0.3
2613,1.20853,1.8788e+06,1.50997e+06,0.3
2614,1.20853,1.8788e+06,1.50997e+06,0.3
2615,1.20854,1.8788e+06,1.50997e+06,0.3
2616,1.20853,1.8788e+06,1.50997e+06,0.3
2617,1.20853,1.8788e+06,1.50997e+06,0.3
2618,1.20853,1.58592e+06,1.50997e+06,0.3
2619,1.20853,1.8788e+06,1.50997e+06,0.3
2620,1.20853,1.8788e+06,1.50997e+06,0.3
2621,1.20853,1.49049e+06,1.50997e+06,0.3
2622,1.20854,1.8788e+06,1.50997e+06,0.3
2623,1.20853,1.09023e+06,1.50997e+06,0.3
2624,1.20853,1.8788e+06,1.50997e+06,0.3
2625,1.20853,1.37403e+06,1.50997e+06,0.3
2626,1.20853,1.8788e+06,1.50997e+06,0.3
2627,1.20853,1.8788e+06,1.50997e+06,0.3
2628,1.20853,1.8788e+06,1.50997e+06,0.3
2629,1.20853,1.8788e+06,1.50997e+06,0.3
2630,1.20853,1.7523e+06,1.50997e+06,0.3
2631,1.20853,1.8788e+06,1.50997e+06,0.3
2632,1.20853,1.8788e+06,1.50997e+06,0.3
2633,1.20853,1.8788e+06,1.50997e+06,0.3
2634,1.20853,1.59044e+06,1.50997e+06,0.3
2635,1.20853,1.8788e+06,1.61427e+06,0.3
2636,1.20853,1.8788e+06,1.61427e+06,0.3
2637,1.20853,1.8788e+06,1.61427e+06,0.3
2638,1.20853,1.8788e+06,1.61427e+06,0.3
2639,1.20854,1.8788e+06,1.61427e+06,0.3
2640,1.20853,1.8788e+06,1.61427e+06,0.3
2641,1.20853,1.8788e+06,1.61427e+06,0.3
2642,1.20853,1.81908e+06,1.61427e+06,0.3
2643,1.20853,1.8788e+06,1.61427e+06,0.3
2644,1.20853,1.8788e+06,1.61427e+06,0.3
2645,1.20853,1.8788e+06,1.61427e+06,0.3
2646,1.20853,1.67681e+06,1.61427e+06,0.3
2647,1.20853,1.8788e+06,1.61427e+06,0.3
2648,1.20853,1.8788e+06,1.61427e+06,0.3
2649,1.20854,1.67681e+06,1.61427e+06,0.3
2650,1.20853,1.8788e+06,1.61427e+06,0.3
2651,1.20854,1.8788e+06,1.72578e+06,0.3
2652,1.20853,1.8788e+06,1.72578e+06,0.3
2653,1.20853,1.09023e+06,1.72578e+06,0.3
2654,1.20854,1.37403e+06,1.72578e+06,0.3
2655,1.20854,1.8788e+06,1.72578e+06,0.3
2656,1.20853,1.8788e+06,1.72578e+06,0.3
2657,1.20853,1.81908e+06,1.72578e+06,0.3
2658,1.20854,1.8788e+06,1.72578e+06,0.3
2659,1.20853,1.8788e+06,1.72578e+06,0.3
2660,1.20853,1.8788e+06,1.72578e+06,0.3
2661,1.20854,1.8788e+06,1.72578e+06,0.3
2662,1.20853,1.36468e+06,1.72578e+06,0.3
2663,1.20854,1.8788e+06,1.72578e+06,0.3
2664,1.20853,1.8788e+06,1.72578e+06,0.3
2665,1.20853,1.8788e+06,1.72578e+06,0.3
2666,1.20853,1.8788e+06,1.72578e+06,0.3
2667,1.20854,1.7523e+06,1.84499e+06,0.3
2668,1.20854,1.8788e+06,1.84499e+06,0.3
2669,1.20854,1.8788e+06,1.84499e+06,0.3
2670,1.20854,1.81908e+06,1.84499e+06,0.3
2671,1.20853,1.8788e+06,1.84499e+06,0.3
2672,1.20853,1.8788e+06,1.84499e+06,0.3
2673,1.20853,1.8788e+06,1.84499e+06,0.3
2674,1.20853,1.8788e+06,1.84499e+06,0.3
2675,1.20853,1.67681e+06,1.84499e+06,0.3
2676,1.20854,1.8788e+06,1.84499e+06,0.3
2677,1.20854,1.8788e+06,1.84499e+06,0.3
2678,1.20854,1.8788e+06,1.84499e+06,0.3
2679,1.20853,1.59044e+06,1.84499e+06,0.3
2680,1.20853,1.8788e+06,1.84499e+06,0.3
2681,1.20854,1.8788e+06,1.84499e+06,0.3
2682,1.20853,1.8788e+06,1.84499e+06,0.3
2683,1.20853,1.48411e+06,1.84499e+06,0.3
2684,1.20853,1.49049e+06,1.84499e+06,0.3
2685,1.20854,1.8788e+06,1.84499e+06,0.3
2686,1.20853,1.8788e+06,1.84499e+06,0.3
2687,1.20853,1.49049e+06,1.84499e+06,0.3
2688,1.20854,1.8788e+06,1.84499e+06,0.3
2689,1.20853,1.59044e+06,1.84499e+06,0.3
2690,1.20853,1.8788e+06,1.84499e+06,0.3
2691,1.20853,1.8788e+06,1.84499e+06,0.3
2692,1.20853,1.8788e+06,1.84499e+06,0.3
2693,1.20854,1.23941e+06,1.97244e+06,0.3
2694,1.20853,1.49049e+06,1.97244e+06,0.3
2695,1.20853,1.8788e+06,1.97244e+06,0.3
2696,1.20853,1.7523e+06,1.97244e+06,0.3
2697,1.20853,1.8788e+06,1.97244e+06,0.3
2698,1.20854,1.8788e+06,1.97244e+06,0.3
2699,1.20854,1.8788e+06,1.97244e+06,0.3
2700,1.20853,1.8788e+06,1.97244e+06,0.3
2701,1.20853,1.8788e+06,1.97244e+06,0.3
2702,1.20853,1.67681e+06,1.97244e+06,0.3
2703,1.20854,1.8788e+06,1.97244e+06,0.3
2704,1.20853,1.8788e+06,1.97244e+06,0.3
2705,1.20853,1.8788e+06,1.97244e+06,0.3
2706,1.20853,1.59044e+06,1.97244e+06,0.3
2707,1.20853,1.8788e+06,1.97244e+06,0.3
2708,1.20853,1.67681e+06,1.97244e+06,0.3
2709,1.20853,1.7523e+06,1.97244e+06,0.3
2710,1.20853,1.8788e+06,1.97244e+06,0.3
2711,1.20853,1.8788e+06,1.97244e+06,0.3
2712,1.20853,1.8788e+06,1.97244e+06,0.3
2713,1.20853,1.8788e+06,1.97244e+06,0.3
2714,1.20853,1.8788e+06,1.97244e+06,0.3
2715,1.20853,1.8788e+06,1.97244e+06,0.3
2716,1.20853,1.8788e+06,1.97244e+06,0.3
2717,1.20854,1.8788e+06,2.10869e+06,0.3
2718,1.20854,1.8788e+06,2.10869e+06,0.3
2719,1.20853,1.8788e+06,2.10869e+06,0.3
2720,1.20853,1.8788e+06,2.10869e+06,0.3
2721,1.20853,1.8788e+06,2.10869e+06,0.3
2722,1.20853,1.7523e+06,2.10869e+06,0.3
2723,1.20853,1.8788e+06,2.10869e+06,0.3
2724,1.20853,1.8788e+06,2.10869e+06,0.3
2725,1.20853,1.8788e+06,2.10869e+06,0.3
2726,1.20853,1.8788e+06,2.10869e+06,0.3
2727,1.20853,1.8788e+06,2.10869e+06,0.3
2728,1.20854,1.59044e+06,2.10869e+06,0.3
2729,1.20854,1.8788e+06,2.10869e+06,0.3
2730,1.20853,1.8788e+06,2.10869e+06,0.3
2731,1.20854,1.8788e+06,2.10869e+06,0.3
2732,1.20854,1.8788e+06,2.10869e+06,0.3
2733,1.20854,1.8788e+06,2.10869e+06,0.3
2734,1.20854,1.8788e+06,2.10869e+06,0.3
2735,1.20854,1.8788e+06,2.10869e+06,0.3
2736,1.20853,1.8788e+06,2.10869e+06,0.3
2737,1.20853,1.8788e+06,2.10869e+06,0.3
2738,1.20853,1.37403e+06,2.10869e+06,0.3
2739,1.20854,1.8788e+06,2.10869e+06,0.3
2740,1.20853,1.8788e+06,2.10869e+06,0.3
2741,1.20853,1.59044e+06,2.10869e+06,0.3
2742,1.20854,1.8788e+06,2.10869e+06,0.3
2743,1.20853,1.8788e+06,2.10869e+06,0.3
2744,1.20853,1.8788e+06,2.10869e+06,0.3
2745,1.20853,1.8788e+06,2.10869e+06,0.3
2746,1.20854,1.8788e+06,2.25436e+06,0.3
2747,1.20854,1.8788e+06,2.25436e+06,0.3
2748,1.20854,1.37403e+06,2.25436e+06,0.3
2749,1.20853,1.59044e+06,2.25436e+06,0.3
2750,1.20853,1.8788e+06,2.25436e+06,0.3
2751,1.20853,1.8788e+06,2.25436e+06,0.3
2752,1.20853,1.81908e+06,2.25436e+06,0.3
2753,1.20853,1.8788e+06,2.25436e+06,0.3
2754,1.20853,1.8788e+06,2.25436e+06,0.3
2755,1.20853,1.8788e+06,2.25436e+06,0.3
2756,1.20853,1.8788e+06,2.25436e+06,0.3
2757,1.20853,1.8788e+06,2.25436e+06,0.3
2758,1.20853,1.8788e+06,2.25436e+06,0.3
2759,1.20853,1.81908e+06,2.25436e+06,0.3
2760,1.20853,1.8788e+06,2.25436e+06,0.3
2761,1.20854,1.8788e+06,2.25436e+06,0.3
2762,1.20853,1.8788e+06,2.25436e+06,0.3
2763,1.20853,1.8788e+06,2.25436e+06,0.3
2764,1.20853,1.8788e+06,2.25436e+06,0.3
2765,1.20853,1.59044e+06,2.25436e+06,0.3
2766,1.20853,1.37403e+06,2.25436e+06,0.3
2767,1.20853,1.8788e+06,2.25436e+06,0.3
2768,1.20853,1.49049e+06,2.25436e+06,0.3
2769,1.20853,1.8788e+06,2.25436e+06,0.3
2770,1.20853,1.8788e+06,2.41008e+06,0.3
2771,1.20853,1.67681e+06,2.41008e+06,0.3
2772,1.20853,1.8788e+06,2.41008e+06,0.3
2773,1.20853,1.8788e+06,2.41008e+06,0.3
2774,1.20854,1.8788e+06,2.41008e+06,0.3
2775,1.20853,1.7523e+06,2.41008e+06,0.3
2776,1.20853,1.81908e+06,2.41008e+06,0.3
2777,1.20853,1.8788e+06,2.41008e+06,0.3
2778,1.20853,1.8788e+06,2.41008e+06,0.3
2779,1.20854,1.8788e+06,2.41008e+06,0.3
2780,1.20853,1.8788e+06,2.41008e+06,0.3
2781,1.20854,1.8788e+06,2.41008e+06,0.3
2782,1.20853,1.8788e+06,2.41008e+06,0.3
2783,1.20853,1.8788e+06,2.41008e+06,0.3
2784,1.20853,1.8788e+06,2.41008e+06,0.3
2785,1.20853,1.8788e+06,2.41008e+06,0.3
2786,1.20853,1.59044e+06,2.41008e+06,0.3
2787,1.20853,1.67681e+06,2.41008e+06,0.3
2788,1.20853,1.7523e+06,2.41008e+06,0.3
2789,1.20854,1.8788e+06,2.41008e+06,0.3
2790,1.20853,1.8788e+06,2.41008e+06,0.3
2791,1.20853,1.8788e+06,2.41008e+06,0.3
2792,1.20853,1.8788e+06,2.57656e+06,0.3
2793,1.20853,1.8788e+06,2.57656e+06,0.3
2794,1.20853,1.8788e+06,2.57656e+06,0.3
2795,1.20853,1.67681e+06,2.57656e+06,0.3
2796,1.20853,1.8788e+06,2.57656e+06,0.3
2797,1.20853,1.8788e+06,2.57656e+06,0.3
2798,1.20853,1.8788e+06,2.57656e+06,0.3
2799,1.20853,1.8788e+06,2.57656e+06,0.3
2800,1.20853,1.8788e+06,2.57656e+06,0.3
2801,1.20853,1.8788e+06,2.57656e+06,0.3
2802,1.20853,1.8788e+06,2.57656e+06,0.3
2803,1.20853,1.8788e+06,2.57656e+06,0.3
2804,1.20853,1.8788e+06,2.57656e+06,0.3
2805,1.20853,1.8788e+06,2.57656e+06,0.3
2806,1.20853,1.8788e+06,2.57656e+06,0.3
2807,1.20853,1.8788e+06,2.57656e+06,0.3
2808,1.20853,1.8788e+06,2.57656e+06,0.3
2809,1.20853,1.81908e+06,2.57656e+06,0.3
2810,1.20853,1.8788e+06,2.57656e+06,0.3
2811,1.20853,1.8788e+06,2.57656e+06,0.3
2812,1.20853,1.8788e+06,2.57656e+06,0.3
2813,1.20853,1.7523e+06,2.57656e+06,0.3
2814,1.20853,1.8788e+06,2.57656e+06,0.3
2815,1.20853,1.23941e+06,2.75455e+06,0.3
2816,1.20853,1.8788e+06,2.75455e+06,0.3
2817,1.20853,1.8788e+06,2.75455e+06,0.3
2818,1.20853,1.8788e+06,2.75455e+06,0.3
2819,1.20853,1.8788e+06,2.75455e+06,0.3
2820,1.20853,1.8788e+06,2.75455e+06,0.3
2821,1.20853,1.8788e+06,2.75455e+06,0.3
2822,1.20853,1.8788e+06,2.75455e+06,0.3
2823,1.20853,1.48411e+06,2.75455e+06,0.3
2824,1.20853,1.8788e+06,2.75455e+06,0.3
2825,1.20853,1.8788e+06,2.75455e+06,0.3
2826,1.20853,1.8788e+06,2.75455e+06,0.3
2827,1.20853,1.8788e+06,2.75455e+06,0.3
2828,1.20853,1.8788e+06,2.75455e+06,0.3
2829,1.20853,1.8788e+06,2.75455e+06,0.3
2830,1.20853,1.8788e+06,2.75455e+06,0.3
2831,1.20853,1.81908e+06,2.75455e+06,0.3
2832,1.20853,1.8788e+06,2.75455e+06,0.3
2833,1.20853,1.8788e+06,2.75455e+06,0.3
2834,1.20853,1.8788e+06,2.75455e+06,0.3
2835,1.20854,1.8788e+06,2.75455e+06,0.3
2836,1.20853,1.8788e+06,2.75455e+06,0.3
2837,1.20853,1.8788e+06,2.94482e+06,0.3
2838,1.20853,1.8788e+06,2.94482e+06,0.3
2839,1.20853,1.8788e+06,2.94482e+06,0.3
2840,1.20853,1.8788e+06,2.94482e+06,0.3
2841,1.20853,1.8788e+06,2.94482e+06,0.3
2842,1.20853,1.8788e+06,2.94482e+06,0.3
2843,1.20853,1.81908e+06,2.94482e+06,0.3
2844,1.20854,1.8788e+06,2.94482e+06,0.3
2845,1.20854,1.8788e+06,2.94482e+06,0.3
2846,1.20854,1.8788e+06,2.94482e+06,0.3
2847,1.20853,1.8788e+06,2.94482e+06,0.3
2848,1.20853,1.8788e+06,2.94482e+06,0.3
2849,1.20854,1.59044e+06,2.94482e+06,0.3
2850,1.20853,1.8788e+06,2.94482e+06,0.3
2851,1.20854,1.81908e+06,2.94482e+06,0.3
2852,1.20853,1.8788e+06,2.94482e+06,0.3
2853,1.20854,1.67681e+06,2.94482e+06,0.3
2854,1.20853,1.8788e+06,2.94482e+06,0.3
2855,1.20853,1.8788e+06,2.94482e+06,0.3
2856,1.20853,1.8788e+06,2.94482e+06,0.3
2857,1.20853,1.8788e+06,2.94482e+06,0.3
2858,1.20853,1.8788e+06,2.94482e+06,0.3
2859,1.20853,1.8788e+06,2.94482e+06,0.3
2860,1.20853,1.8788e+06,2.94482e+06,0.3
2861,1.20853,1.8788e+06,3.14825e+06,0.3
2862,1.20853,1.8788e+06,3.14825e+06,0.3
2863,1.20853,1.8788e+06,3.14825e+06,0.3
2864,1.20853,1.8788e+06,3.14825e+06,0.3
2865,1.20853,1.8788e+06,3.14825e+06,0.3
2866,1.20853,1.8788e+06,3.14825e+06,0.3
2867,1.20853,1.8788e+06,3.14825e+06,0.3
2868,1.20853,1.8788e+06,3.14825e+06,0.3
2869,1.20853,1.8788e+06,3.14825e+06,0.3
2870,1.20853,1.8788e+06,3.14825e+06,0.3
2871,1.20853,1.8788e+06,3.14825e+06,0.3
2872,1.20853,1.8788e+06,3.14825e+06,0.3
2873,1.20853,1.8788e+06,3.14825e+06,0.3
2874,1.20853,1.8788e+06,3.14825e+06,0.3
2875,1.20853,1.8788e+06,3.14825e+06,0.3
2876,1.20853,1.8788e+06,3.14825e+06,0.3
2877,1.20853,1.8788e+06,3.14825e+06,0.3
2878,1.20853,1.67681e+06,3.14825e+06,0.3
2879,1.20853,1.8788e+06,3.14825e+06,0.3
2880,1.20853,1.8788e+06,3.14825e+06,0.3
2881,1.20853,1.8788e+06,3.14825e+06,0.3
2882,1.20853,1.8788e+06,3.14825e+06,0.3
2883,1.20853,1.8788e+06,3.14825e+06,0.3
2884,1.20853,1.8788e+06,3.14825e+06,0.3
2885,1.20853,1.8788e+06,3.14825e+06,0.3
2886,1.20853,1.8788e+06,3.14825e+06,0.3
2887,1.20853,1.8788e+06,3.14825e+06,0.3
2888,1.20853,1.8788e+06,3.14825e+06,0.3
2889,1.20853,1.8788e+06,3.36572e+06,0.3
2890,1.20853,1.8788e+06,3.36572e+06,0.3
2891,1.20853,1.8788e+06,3.36572e+06,0.3
2892,1.20853,1.8788e+06,3.36572e+06,0.3
2893,1.20853,1.8788e+06,3.36572e+06,0.3
2894,1.20853,1.8788e+06,3.36572e+06,0.3
2895,1.20853,1.8788e+06,3.36572e+06,0.3
2896,1.20853,1.8788e+06,3.36572e+06,0.3
2897,1.20853,1.8788e+06,3.36572e+06,0.3
2898,1.20853,1.8788e+06,3.36572e+06,0.3
2899,1.20853,1.8788e+06,3.36572e+06,0.3
2900,1.20853,1.8788e+06,3.36572e+06,0.3
2901,1.20853,1.8788e+06,3.36572e+06,0.3
2902,1.20853,1.8788e+06,3.36572e+06,0.3
2903,1.20853,1.81908e+06,3.36572e+06,0.3
2904,1.20853,1.8788e+06,3.36572e+06,0.3
2905,1.20853,1.59044e+06,3.36572e+06,0.3
2906,1.20853,1.8788e+06,3.36572e+06,0.3
2907,1.20853,1.8788e+06,3.36572e+06,0.3
2908,1.20854,1.8788e+06,3.36572e+06,0.3
2909,1.20854,1.81908e+06,3.36572e+06,0.3
2910,1.20853,1.59044e+06,3.36572e+06,0.3
2911,1.20853,1.67681e+06,3.36572e+06,0.3
2912,1.20853,1.8788e+06,3.36572e+06,0.3
2913,1.20853,1.8788e+06,3.36572e+06,0.3
2914,1.20853,1.8788e+06,3.36572e+06,0.3
2915,1.20853,1.8788e+06,3.36572e+06,0.3
2916,1.20853,1.8788e+06,3.36572e+06,0.3
2917,1.20853,1.8788e+06,3.36572e+06,0.3
2918,1.20854,1.8788e+06,3.36572e+06,0.3
2919,1.20854,1.8788e+06,3.36572e+06,0.3
2920,1.20853,1.8788e+06,3.36572e+06,0.3
2921,1.20853,1.8788e+06,3.36572e+06,0.3
2922,1.20853,1.59044e+06,3.36572e+06,0.3
2923,1.20853,1.7523e+06,3.36572e+06,0.3
2924,1.20853,1.81908e+06,3.36572e+06,0.3
2925,1.20853,1.8788e+06,3.36572e+06,0.3
2926,1.20854,1.8788e+06,3.59821e+06,0.3
2927,1.20853,1.8788e+06,3.59821e+06,0.3
2928,1.20853,1.81908e+06,3.59821e+06,0.3
2929,1.20854,1.81908e+06,3.59821e+06,0.3
2930,1.20853,1.8788e+06,3.59821e+06,0.3
2931,1.20853,1.8788e+06,3.59821e+06,0.3
2932,1.20854,1.8788e+06,3.59821e+06,0.3
2933,1.20854,1.8788e+06,3.59821e+06,0.3
2934,1.20854,1.8788e+06,3.59821e+06,0.3
2935,1.20854,1.23941e+06,3.59821e+06,0.3
2936,1.20854,1.8788e+06,3.59821e+06,0.3
2937,1.20853,1.8788e+06,3.59821e+06,0.3
2938,1.20854,1.59044e+06,3.59821e+06,0.3
2939,1.20853,1.8788e+06,3.59821e+06,0.3
2940,1.20853,1.37403e+06,3.59821e+06,0.3
2941,1.20853,1.8788e+06,3.59821e+06,0.3
2942,1.20853,1.7523e+06,3.59821e+06,0.3
2943,1.20853,1.8788e+06,3.59821e+06,0.3
2944,1.20854,1.23941e+06,3.59821e+06,0.3
2945,1.20854,1.8788e+06,3.59821e+06,0.3
2946,1.20853,1.8788e+06,3.59821e+06,0.3
2947,1.20853,1.37403e+06,3.59821e+06,0.3
2948,1.20853,1.8788e+06,3.59821e+06,0.3
2949,1.20854,1.8788e+06,3.84677e+06,0.3
2950,1.20854,1.8788e+06,3.84677e+06,0.3
2951,1.20854,1.8788e+06,3.84677e+06,0.3
2952,1.20854,1.23941e+06,3.84677e+06,0.3
2953,1.20853,1.8788e+06,3.84677e+06,0.3
2954,1.20854,1.8788e+06,3.84677e+06,0.3
2955,1.20853,1.7523e+06,3.84677e+06,0.3
2956,1.20854,1.8788e+06,3.84677e+06,0.3
2957,1.20853,1.8788e+06,3.84677e+06,0.3
2958,1.20854,1.81908e+06,3.84677e+06,0.3
2959,1.20854,1.37403e+06,3.84677e+06,0.3
2960,1.20854,1.67681e+06,3.84677e+06,0.3
2961,1.20853,1.7523e+06,3.84677e+06,0.3
2962,1.20854,1.8788e+06,3.84677e+06,0.3
2963,1.20853,1.8788e+06,3.84677e+06,0.3
2964,1.20853,1.8788e+06,3.84677e+06,0.3
2965,1.20853,1.8788e+06,4.1125e+06,0.3
2966,1.20853,1.67681e+06,4.1125e+06,0.3
2967,1.20853,1.8788e+06,4.1125e+06,0.3
2968,1.20853,1.8788e+06,4.1125e+06,0.3
2969,1.20854,1.59044e+06,4.1125e+06,0.3
2970,1.20853,1.7523e+06,4.1125e+06,0.3
2971,1.20853,1.8788e+06,4.1125e+06,0.3
2972,1.20853,1.8788e+06,4.1125e+06,0.3
2973,1.20853,1.8788e+06,4.1125e+06,0.3
2974,1.20853,1.8788e+06,4.1125e+06,0.3
2975,1.20853,1.8788e+06,4.1125e+06,0.3
2976,1.20853,1.8788e+06,4.1125e+06,0.3
2977,1.20853,1.8788e+06,4.1125e+06,0.3
2978,1.20853,1.8788e+06,4.1125e+06,0.3
2979,1.20853,1.8788e+06,4.1125e+06,0.3
2980,1.20853,1.8788e+06,4.1125e+06,0.3
2981,1.20853,1.8788e+06,4.1125e+06,0.3
2982,1.20853,1.8788e+06,4.1125e+06,0.3
2983,1.20853,1.8788e+06,4.1125e+06,0.3
2984,1.20853,1.8788e+06,4.1125e+06,0.3
2985,1.20853,1.8788e+06,4.1125e+06,0.3
2986,1.20853,1.8788e+06,4.1125e+06,0.3
2987,1.20853,1.8788e+06,4.1125e+06,0.3
2988,1.20853,1.8788e+06,4.1125e+06,0.3
2989,1.20853,1.8788e+06,4.1125e+06,0.3
2990,1.20853,1.8788e+06,4.1125e+06,0.3
2991,1.20853,1.8788e+06,4.1125e+06,0.3
2992,1.20853,1.67681e+06,4.1125e+06,0.3
2993,1.20853,1.8788e+06,4.1125e+06,0.3
2994,1.20853,1.8788e+06,4.39658e+06,0.3
2995,1.20853,1.8788e+06,4.39658e+06,0.3
2996,1.20853,1.8788e+06,4.39658e+06,0.3
2997,1.20853,1.8788e+06,4.39658e+06,0.3
2998,1.20853,1.8788e+06,4.39658e+06,0.3
2999,1.20853,1.81908e+06,4.39658e+06,0.3
3000,1.20853,1.59044e+06,4.39658e+06,0.3
