step,energy,beta,lambda,delta
0,3.08321,12.1668,1,0.3
1,2.94175,21.5623,1,0.3
2,3.01374,86.9806,1,0.3
3,2.97788,183.991,1,0.3
4,2.99186,566.444,1,0.3
5,2.94569,80.0176,1,0.3
6,2.81273,21.7368,1,0.3
7,2.88196,44.8235,1,0.3
8,2.91698,142.275,1,0.3
9,2.81196,16.3696,1,0.3
10,2.84784,26.7614,1.06908,0.3
11,2.81546,46.1754,1.06908,0.3
12,2.84878,35.2864,1.06908,0.3
13,2.85005,65.794,1.06908,0.3
14,2.83459,64.6737,1.06908,0.3
15,2.71402,19.7324,1.06908,0.3
16,2.71543,43.4213,1.06908,0.3
17,2.84659,321.601,1.06908,0.3
18,2.95054,33.5431,1.14293,0.3
19,2.94684,21.7252,1.14293,0.3
20,2.81009,22.7609,1.14293,0.3
21,2.8228,23.8922,1.14293,0.3
22,2.75093,27.5427,1.14293,0.3
23,2.6026,21.6222,1.14293,0.3
24,2.63793,34.1432,1.14293,0.3
25,2.62514,8354.22,1.14293,0.3
26,2.57807,16.5477,1.14293,0.3
27,2.54364,32.0225,1.14293,0.3
28,2.59789,195.224,1.14293,0.3
29,2.63455,48.3773,1.14293,0.3
30,2.6251,333.25,1.14293,0.3
31,2.59148,86.0355,1.14293,0.3
32,2.67935,764.266,1.22188,0.3
33,2.72989,83.703,1.22188,0.3
34,2.79555,44.1623,1.22188,0.3
35,2.72326,16.0396,1.22188,0.3
36,2.66714,124.191,1.22188,0.3
37,2.69467,15.9451,1.22188,0.3
38,2.63145,22.096,1.22188,0.3
39,2.59231,18.8833,1.22188,0.3
40,2.64256,54.9328,1.22188,0.3
41,2.64731,184.86,1.30628,0.3
42,2.79795,573.41,1.30628,0.3
43,2.75676,17.5916,1.30628,0.3
44,2.80709,638.084,1.30628,0.3
45,2.83007,105.334,1.30628,0.3
46,2.8139,22.9893,1.30628,0.3
47,2.80629,39.5435,1.30628,0.3
48,2.8106,1480.28,1.30628,0.3
49,2.69636,13.7054,1.30628,0.3
50,2.6976,447.203,1.39652,0.3
51,2.61841,94.0818,1.39652,0.3
52,2.57229,111.986,1.39652,0.3
53,2.66891,159.49,1.39652,0.3
54,2.65405,37.7981,1.39652,0.3
55,2.68967,52.4741,1.39652,0.3
56,2.61444,74.4347,1.39652,0.3
57,2.61642,81.249,1.39652,0.3
58,2.56337,37.1122,1.39652,0.3
59,2.67463,234.442,1.39652,0.3
60,2.45898,10.9371,1.39652,0.3
61,2.42932,23.5482,1.39652,0.3
62,2.48325,60.6167,1.49298,0.3
63,2.61962,40.738,1.49298,0.3
64,2.53137,34.9068,1.49298,0.3
65,2.60361,310.585,1.49298,0.3
66,2.45052,11.047,1.49298,0.3
67,2.51688,18.5397,1.49298,0.3
68,2.41261,19.497,1.49298,0.3
69,2.54408,570.5,1.49298,0.3
70,2.58821,29.0639,1.59612,0.3
71,2.62377,24.8503,1.59612,0.3
72,2.57144,29.8316,1.59612,0.3
73,2.50343,31.921,1.59612,0.3
74,2.56608,135.423,1.59612,0.3
75,2.5369,47.4155,1.59612,0.3
76,2.60705,88.6374,1.59612,0.3
77,2.57258,92.1661,1.59612,0.3
78,2.47619,15.0534,1.59612,0.3
79,2.49461,139.169,1.59612,0.3
80,2.42404,93.9989,1.59612,0.3
81,2.2559,12.007,1.59612,0.3
82,2.33511,24.0315,1.70637,0.3
83,2.26453,12.5957,1.70637,0.3
84,2.41617,35.0843,1.70637,0.3
85,2.45186,34.0643,1.70637,0.3
86,2.46637,43.6566,1.70637,0.3
87,2.4627,66.7858,1.70637,0.3
88,2.37544,14.3545,1.70637,0.3
89,2.49714,63.6593,1.70637,0.3
90,2.41438,18.2341,1.70637,0.3
91,2.31729,88.1862,1.70637,0.3
92,2.4345,49.492,1.82424,0.3
93,2.38481,55.1758,1.82424,0.3
94,2.37209,307.67,1.82424,0.3
95,2.34681,44.5607,1.82424,0.3
96,2.31383,17.8858,1.82424,0.3
97,2.29715,19.6195,1.82424,0.3
98,2.3712,24.736,1.82424,0.3
99,2.40653,22.1421,1.82424,0.3
100,2.44301,288.878,1.82424,0.3
101,2.42484,27.6443,1.82424,0.3
102,2.519,30.7204,1.82424,0.3
103,2.49905,175.632,1.82424,0.3
104,2.32169,14.9545,1.82424,0.3
105,2.34654,20.846,1.95026,0.3
106,2.33036,14.2986,1.95026,0.3
107,2.28985,13.4618,1.95026,0.3
108,2.3837,58.8332,1.95026,0.3
109,2.42805,1376.55,1.95026,0.3
110,2.47517,101.54,1.95026,0.3
111,2.55598,99.5618,1.95026,0.3
112,2.59766,2189.26,2.08498,0.3
113,2.57188,35.5814,2.08498,0.3
114,2.47898,18.4509,2.08498,0.3
115,2.52437,57.8494,2.08498,0.3
116,2.51529,72.8913,2.08498,0.3
117,2.48636,17.8169,2.08498,0.3
118,2.35906,142.095,2.08498,0.3
119,2.42153,39.6132,2.08498,0.3
120,2.41436,93.9762,2.08498,0.3
121,2.38435,21.6276,2.08498,0.3
122,2.49072,75.651,2.08498,0.3
123,2.41958,28.7137,2.08498,0.3
124,2.42884,43.6247,2.08498,0.3
125,2.38583,30.5121,2.08498,0.3
126,2.28263,21.538,2.08498,0.3
127,2.25968,200.624,2.08498,0.3
128,2.19293,28.0781,2.08498,0.3
129,2.22802,117.084,2.229,0.3
130,2.16898,20.1656,2.229,0.3
131,2.19586,69.0511,2.229,0.3
132,2.2475,65.516,2.229,0.3
133,2.33061,160.474,2.229,0.3
134,2.17858,13.3609,2.229,0.3
135,2.10418,52.6869,2.229,0.3
136,2.1315,19.5822,2.229,0.3
137,2.14873,145.124,2.38298,0.3
138,2.05354,11.8861,2.38298,0.3
139,1.89683,23.4062,2.38298,0.3
140,1.94398,223.499,2.38298,0.3
141,2.00207,386.399,2.38298,0.3
142,2.09253,144.727,2.38298,0.3
143,2.11887,35.8081,2.38298,0.3
144,2.14764,20.1387,2.54759,0.3
145,2.10784,27.8743,2.54759,0.3
146,2.09568,17.712,2.54759,0.3
147,2.04122,27.423,2.54759,0.3
148,2.01188,13.8294,2.54759,0.3
149,2.04509,51.5424,2.54759,0.3
150,2.0331,126.455,2.54759,0.3
151,1.94688,19.603,2.54759,0.3
152,1.92078,33.6159,2.54759,0.3
153,1.97626,62.7809,2.54759,0.3
154,1.93576,138.283,2.54759,0.3
155,1.94526,35.2092,2.54759,0.3
156,1.96781,18.8117,2.54759,0.3
157,2.08164,36.3011,2.72357,0.3
158,2.11791,224.561,2.72357,0.3
159,2.09912,151.302,2.72357,0.3
160,2.15007,34.6054,2.72357,0.3
161,2.08244,18.3634,2.72357,0.3
162,2.08803,61.8926,2.72357,0.3
163,2.09978,45.3149,2.72357,0.3
164,2.05453,20.6812,2.72357,0.3
165,2.15818,67.8639,2.91171,0.3
166,2.07501,23.0112,2.91171,0.3
167,1.99793,43.5957,2.91171,0.3
168,1.96347,107.308,2.91171,0.3
169,1.84738,12.2359,2.91171,0.3
170,1.85592,20.6893,2.91171,0.3
171,1.7546,17.28,2.91171,0.3
172,1.84105,27.4876,2.91171,0.3
173,1.8554,36.4556,2.91171,0.3
174,1.87327,103.888,2.91171,0.3
175,1.90728,35.1862,3.11284,0.3
176,1.87848,14.0933,3.11284,0.3
177,1.93946,38.0625,3.11284,0.3
178,1.92097,82.6271,3.11284,0.3
179,1.79883,26.0296,3.11284,0.3
180,1.66798,8.09404,3.11284,0.3
181,1.61807,23.7158,3.11284,0.3
182,1.62799,15.3485,3.11284,0.3
183,1.68409,48.5935,3.11284,0.3
184,1.54347,29.0954,3.11284,0.3
185,1.69018,52.2268,3.11284,0.3
186,1.69475,23.6042,3.32787,0.3
187,1.61856,28.3234,3.32787,0.3
188,1.59519,17.8091,3.32787,0.3
189,1.60294,53.3541,3.32787,0.3
190,1.70153,40.5531,3.32787,0.3
191,1.64522,75.6019,3.32787,0.3
192,1.61374,18.7041,3.32787,0.3
193,1.72591,371.48,3.32787,0.3
194,1.64251,11.8268,3.32787,0.3
195,1.5486,16.9813,3.32787,0.3
196,1.32681,49.982,3.32787,0.3
197,1.33809,175.687,3.32787,0.3
198,1.35108,27.1186,3.55775,0.3
199,1.47879,25.7776,3.55775,0.3
200,1.39487,19.6628,3.55775,0.3
201,1.43649,23.0257,3.55775,0.3
202,1.51674,111.642,3.55775,0.3
203,1.49828,61.3049,3.55775,0.3
204,1.5271,39.8686,3.55775,0.3
205,1.36976,15.1642,3.55775,0.3
206,1.43778,42.1498,3.80351,0.3
207,1.44899,73.252,3.80351,0.3
208,1.3988,13.0802,3.80351,0.3
209,1.44014,26.0303,3.80351,0.3
210,1.54036,37.9526,3.80351,0.3
211,1.5215,35.8661,3.80351,0.3
212,1.47988,67.3748,3.80351,0.3
213,1.44362,31.6523,3.80351,0.3
214,1.19612,12.0888,3.80351,0.3
215,1.2493,42.576,3.80351,0.3
216,1.30098,128.907,4.06625,0.3
217,1.33149,23.4348,4.06625,0.3
218,1.31429,179.311,4.06625,0.3
219,1.39726,154.004,4.06625,0.3
220,1.49018,324.822,4.06625,0.3
221,1.41352,38.7373,4.06625,0.3
222,1.381,57.4053,4.06625,0.3
223,1.40088,80.4286,4.06625,0.3
224,1.26815,13.6667,4.06625,0.3
225,1.32365,69.0394,4.34714,0.3
226,1.29042,25.4676,4.34714,0.3
227,1.23012,59.8777,4.34714,0.3
228,1.29145,35.6501,4.34714,0.3
229,1.43182,48.6822,4.34714,0.3
230,1.34939,10.9446,4.34714,0.3
231,1.36052,101.892,4.34714,0.3
232,1.47324,72.5962,4.34714,0.3
233,1.50685,26.8148,4.64743,0.3
234,1.59159,87.6616,4.64743,0.3
235,1.56424,402.223,4.64743,0.3
236,1.55757,30.5229,4.64743,0.3
237,1.56027,178.828,4.64743,0.3
238,1.51638,15.648,4.64743,0.3
239,1.53333,91.5864,4.64743,0.3
240,1.39739,13.6084,4.64743,0.3
241,1.37882,28.7334,4.64743,0.3
242,1.43357,155.147,4.64743,0.3
243,1.51345,1187.61,4.96846,0.3
244,1.5119,56.6611,4.96846,0.3
245,1.55898,70.7215,4.96846,0.3
246,1.45878,14.5614,4.96846,0.3
247,1.41371,14.9572,4.96846,0.3
248,1.33806,53.3309,4.96846,0.3
249,1.38593,36.74,4.96846,0.3
250,1.44219,226.853,4.96846,0.3
251,1.44005,2064.82,4.96846,0.3
252,1.48987,24.598,4.96846,0.3
253,1.31147,8.59507,4.96846,0.3
254,1.36277,417.711,5.31167,0.3
255,1.31628,28.5142,5.31167,0.3
256,1.23001,37.8462,5.31167,0.3
257,1.07035,15.4233,5.31167,0.3
258,1.04255,18.1261,5.31167,0.3
259,1.06741,41.2131,5.31167,0.3
260,1.10968,66.822,5.31167,0.3
261,1.09743,16.9569,5.31167,0.3
262,1.17326,41.4654,5.31167,0.3
263,1.1687,28.5726,5.31167,0.3
264,1.10393,53.829,5.31167,0.3
265,1.04588,16.9508,5.31167,0.3
266,1.02842,19.4315,5.31167,0.3
267,1.08117,41.5934,5.31167,0.3
268,1.11004,21.5784,5.67858,0.3
269,1.14158,33.4885,5.67858,0.3
270,1.00038,33.3561,5.67858,0.3
271,1.05703,95.1462,5.67858,0.3
272,1.01838,16.8895,5.67858,0.3
273,1.06748,55.7717,5.67858,0.3
274,0.96773,31.5782,5.67858,0.3
275,1.06402,127.978,5.67858,0.3
276,1.03633,31.2329,5.67858,0.3
277,1.05168,32.5564,6.07085,0.3
278,1.05619,50.5651,6.07085,0.3
279,1.04462,43.9534,6.07085,0.3
280,1.12711,185.725,6.07085,0.3
281,1.06901,84.0095,6.07085,0.3
282,1.13146,28.2707,6.07085,0.3
283,1.10148,33.3104,6.07085,0.3
284,1.15679,97.4,6.07085,0.3
285,1.01926,10.303,6.07085,0.3
286,1.02429,24.5862,6.49021,0.3
287,1.11823,52.5009,6.49021,0.3
288,1.09458,39.5825,6.49021,0.3
289,1.08825,28.8675,6.49021,0.3
290,1.08478,24.5216,6.49021,0.3
291,1.02865,24.4672,6.49021,0.3
292,1.02514,63.962,6.49021,0.3
293,1.08565,169.647,6.49021,0.3
294,1.09739,48.9523,6.49021,0.3
295,1.05397,23.5308,6.49021,0.3
296,1.06562,410.405,6.49021,0.3
297,1.17328,45.323,6.93854,0.3
298,1.1569,33.3492,6.93854,0.3
299,1.03614,38.5593,6.93854,0.3
300,0.955942,15.2751,6.93854,0.3
301,0.900902,14.8949,6.93854,0.3
302,0.957401,61.8449,6.93854,0.3
303,0.88755,75.5911,6.93854,0.3
304,0.90962,84.6576,6.93854,0.3
305,0.924967,28.463,6.93854,0.3
306,1.01509,321.604,6.93854,0.3
307,1.06454,22.2235,7.41783,0.3
308,1.00727,38.8987,7.41783,0.3
309,1.09332,179.618,7.41783,0.3
310,1.04541,14.4418,7.41783,0.3
311,1.06857,46.1096,7.41783,0.3
312,1.09293,19.8916,7.41783,0.3
313,1.03422,45.6285,7.41783,0.3
314,1.10599,81.5893,7.41783,0.3
315,1.13367,25.2536,7.93024,0.3
316,1.1187,20.047,7.93024,0.3
317,1.1097,38.7506,7.93024,0.3
318,1.06689,36.9001,7.93024,0.3
319,1.10856,46.9544,7.93024,0.3
320,1.03412,29.0168,7.93024,0.3
321,1.04745,72.4708,7.93024,0.3
322,1.10497,72.1255,7.93024,0.3
323,1.1106,99.9733,7.93024,0.3
324,1.11359,34.6203,8.47804,0.3
325,1.14097,21.4943,8.47804,0.3
326,1.0988,244.556,8.47804,0.3
327,1.00487,702.918,8.47804,0.3
328,1.0792,428.449,8.47804,0.3
329,1.14819,44.7813,8.47804,0.3
330,1.0941,14.3236,8.47804,0.3
331,0.979664,69.4663,8.47804,0.3
332,0.960327,36.8324,8.47804,0.3
333,0.966682,29.9734,8.47804,0.3
334,0.932629,18.2872,8.47804,0.3
335,0.853149,14.8348,8.47804,0.3
336,0.882444,54.186,9.06368,0.3
337,0.882755,30.0757,9.06368,0.3
338,0.868839,67.3134,9.06368,0.3
339,0.834126,28.9484,9.06368,0.3
340,0.795246,1659.4,9.06368,0.3
341,0.947865,512.039,9.06368,0.3
342,0.862555,18.637,9.06368,0.3
343,0.889608,73.3832,9.06368,0.3
344,0.856913,25.37,9.06368,0.3
345,0.854465,31.4865,9.06368,0.3
346,0.888203,64.3024,9.06368,0.3
347,0.90748,34.9793,9.68978,0.3
348,0.918501,45.1506,9.68978,0.3
349,0.935909,29.4926,9.68978,0.3
350,0.933554,32.0261,9.68978,0.3
351,0.946718,34.9099,9.68978,0.3
352,1.01636,113.163,9.68978,0.3
353,0.963762,22.1528,9.68978,0.3
354,1.02111,36.7437,10.3591,0.3
355,0.993919,15.5637,10.3591,0.3
356,1.04191,63.3911,10.3591,0.3
357,0.997797,799.613,10.3591,0.3
358,1.03998,58.9637,10.3591,0.3
359,1.08287,96.2657,10.3591,0.3
360,1.06702,256.251,10.3591,0.3
361,1.04052,19.2146,10.3591,0.3
362,0.961443,36.886,10.3591,0.3
363,1.00206,2568.26,10.3591,0.3
364,1.02589,82.1685,11.0747,0.3
365,0.95495,33.0775,11.0747,0.3
366,0.964531,66.3364,11.0747,0.3
367,0.909679,26.0753,11.0747,0.3
368,0.844721,28.2867,11.0747,0.3
369,0.82037,37.5585,11.0747,0.3
370,0.840504,361.804,11.0747,0.3
371,0.842463,24.3793,11.0747,0.3
372,0.815643,1162.91,11.0747,0.3
373,0.751282,17.0121,11.0747,0.3
374,0.748291,68.7369,11.0747,0.3
375,0.769827,299.748,11.0747,0.3
376,0.756599,18.3605,11.0747,0.3
377,0.727163,16.8453,11.0747,0.3
378,0.743605,193.434,11.8397,0.3
379,0.778008,64.0978,11.8397,0.3
380,0.808321,36.021,11.8397,0.3
381,0.804884,40.3311,11.8397,0.3
382,0.871424,150.217,11.8397,0.3
383,0.822853,22.5191,11.8397,0.3
384,0.841166,28.0712,11.8397,0.3
385,0.843412,58.0038,12.6576,0.3
386,0.795315,46.1584,12.6576,0.3
387,0.785233,816.649,12.6576,0.3
388,0.728386,20.3948,12.6576,0.3
389,0.733515,69.9155,12.6576,0.3
390,0.812208,166.456,12.6576,0.3
391,0.904049,39.7462,12.6576,0.3
392,0.866442,56.7996,12.6576,0.3
393,0.877924,333.949,12.6576,0.3
394,0.815731,25.2761,12.6576,0.3
395,0.741013,16.9361,12.6576,0.3
396,0.756861,1414.04,13.5319,0.3
397,0.784052,289.577,13.5319,0.3
398,0.736015,44.4341,13.5319,0.3
399,0.737318,98.8594,13.5319,0.3
400,0.730827,49.6416,13.5319,0.3
401,0.671679,53.1302,13.5319,0.3
402,0.640081,33.7947,13.5319,0.3
403,0.615046,77.1005,13.5319,0.3
404,0.609243,26.6854,13.5319,0.3
405,0.615866,29.3572,13.5319,0.3
406,0.61574,50.3191,13.5319,0.3
407,0.615601,56.1167,13.5319,0.3
408,0.677919,65.4086,13.5319,0.3
409,0.690968,35.1341,14.4667,0.3
410,0.707319,81.4766,14.4667,0.3
411,0.709526,56.4849,14.4667,0.3
412,0.627569,24.439,14.4667,0.3
413,0.645372,27.4148,14.4667,0.3
414,0.622473,25.3183,14.4667,0.3
415,0.705244,282.954,14.4667,0.3
416,0.75235,87.7042,15.466,0.3
417,0.793261,78.4492,15.466,0.3
418,0.786556,53.9018,15.466,0.3
419,0.830328,160.301,15.466,0.3
420,0.810696,28.809,15.466,0.3
421,0.721407,28.0382,15.466,0.3
422,0.632654,41.9081,15.466,0.3
423,0.555698,233.328,15.466,0.3
424,0.584068,177.127,15.466,0.3
425,0.59791,29.2474,15.466,0.3
426,0.541519,66.3314,15.466,0.3
427,0.54825,30.302,16.5344,0.3
428,0.564819,57.0234,16.5344,0.3
429,0.599707,102.329,16.5344,0.3
430,0.557384,20.9857,16.5344,0.3
431,0.652586,351.966,16.5344,0.3
432,0.617865,55.3865,16.5344,0.3
433,0.563736,18.454,16.5344,0.3
434,0.523792,24.0706,16.5344,0.3
435,0.557329,234.608,16.5344,0.3
436,0.564066,62.567,17.6765,0.3
437,0.608467,70.1884,17.6765,0.3
438,0.674044,163.257,17.6765,0.3
439,0.687767,47.6659,17.6765,0.3
440,0.745977,214.634,17.6765,0.3
441,0.667284,195.329,17.6765,0.3
442,0.719051,133.867,18.8976,0.3
443,0.721077,107.254,18.8976,0.3
444,0.710752,55.4344,18.8976,0.3
445,0.701513,232.263,18.8976,0.3
446,0.656235,52.5025,18.8976,0.3
447,0.640944,29.3905,18.8976,0.3
448,0.579184,24.6617,18.8976,0.3
449,0.565369,261.566,18.8976,0.3
450,0.570736,44.8809,18.8976,0.3
451,0.560139,84.605,18.8976,0.3
452,0.536898,81.3002,18.8976,0.3
453,0.52059,39.0006,18.8976,0.3
454,0.579639,99.8306,18.8976,0.3
455,0.53578,21.2815,18.8976,0.3
456,0.516432,41.021,18.8976,0.3
457,0.51922,72.7243,18.8976,0.3
458,0.583685,143.097,20.203,0.3
459,0.565351,360.703,20.203,0.3
460,0.565958,58.1371,20.203,0.3
461,0.481962,23.2257,20.203,0.3
462,0.54751,161.053,20.203,0.3
463,0.512442,25.5337,20.203,0.3
464,0.523718,142.315,20.203,0.3
465,0.516256,138.793,20.203,0.3
466,0.528271,74.5117,20.203,0.3
467,0.551071,94.0581,21.5986,0.3
468,0.482267,24.9342,21.5986,0.3
469,0.489222,64.2715,21.5986,0.3
470,0.440134,43.2312,21.5986,0.3
471,0.472383,286.129,21.5986,0.3
472,0.467049,82.7679,21.5986,0.3
473,0.487211,49.6473,21.5986,0.3
474,0.479393,56.6245,21.5986,0.3
475,0.46525,52.1338,21.5986,0.3
476,0.447567,234.08,21.5986,0.3
477,0.484163,123.499,21.5986,0.3
478,0.456312,145.512,21.5986,0.3
479,0.414387,24.0559,21.5986,0.3
480,0.427271,55.3379,23.0905,0.3
481,0.453762,3545.45,23.0905,0.3
482,0.444103,89.4135,23.0905,0.3
483,0.470377,54.9038,23.0905,0.3
484,0.438885,87.1288,23.0905,0.3
485,0.46295,74.0232,23.0905,0.3
486,0.428843,111.06,23.0905,0.3
487,0.444323,36.9655,23.0905,0.3
488,0.430908,50.0324,23.0905,0.3
489,0.455809,126.301,24.6856,0.3
490,0.522976,59.1114,24.6856,0.3
491,0.516697,34.0339,24.6856,0.3
492,0.506313,70.875,24.6856,0.3
493,0.537235,57.0249,24.6856,0.3
494,0.51268,61.0369,24.6856,0.3
495,0.49852,28.8043,24.6856,0.3
496,0.50239,351.172,24.6856,0.3
497,0.502939,560.816,24.6856,0.3
498,0.484455,72.5641,24.6856,0.3
499,0.474606,56.1886,24.6856,0.3
500,0.501146,4129.64,26.3908,0.3
501,0.554077,82.203,26.3908,0.3
502,0.494574,58.7246,26.3908,0.3
503,0.441145,27.9435,26.3908,0.3
504,0.415735,36.8734,26.3908,0.3
505,0.408876,62.2319,26.3908,0.3
506,0.423635,116.87,26.3908,0.3
507,0.430868,90.6785,26.3908,0.3
508,0.396606,48.6701,26.3908,0.3
509,0.384495,34.4576,26.3908,0.3
510,0.385828,60.5589,26.3908,0.3
511,0.418234,66.5921,28.2138,0.3
512,0.43103,120.538,28.2138,0.3
513,0.432436,89.542,28.2138,0.3
514,0.453316,76.9535,28.2138,0.3
515,0.432213,49.5073,28.2138,0.3
516,0.439692,88.4887,28.2138,0.3
517,0.432425,70.2075,28.2138,0.3
518,0.426008,153.446,28.2138,0.3
519,0.424074,156.253,28.2138,0.3
520,0.41605,53.3426,28.2138,0.3
521,0.45302,356.333,30.1628,0.3
522,0.488445,11536.8,30.1628,0.3
523,0.413,25.6117,30.1628,0.3
524,0.405182,80.3201,30.1628,0.3
525,0.401461,61.7781,30.1628,0.3
526,0.361813,29.8241,30.1628,0.3
527,0.317648,89.5668,30.1628,0.3
528,0.310637,53.7658,30.1628,0.3
529,0.311907,37.1375,30.1628,0.3
530,0.307512,164.126,30.1628,0.3
531,0.350424,724.407,30.1628,0.3
532,0.355253,416.753,30.1628,0.3
533,0.335463,59.9772,30.1628,0.3
534,0.33602,106.001,32.2463,0.3
535,0.319082,136.746,32.2463,0.3
536,0.288551,96.6485,32.2463,0.3
537,0.291296,105.88,32.2463,0.3
538,0.295799,71.2934,32.2463,0.3
539,0.327339,651.857,32.2463,0.3
540,0.315466,40.1326,32.2463,0.3
541,0.307825,48.0242,32.2463,0.3
542,0.329519,369.282,32.2463,0.3
543,0.376343,23445.7,34.4738,0.3
544,0.35887,43.6802,34.4738,0.3
545,0.362768,81.3784,34.4738,0.3
546,0.348183,44.0519,34.4738,0.3
547,0.36301,67.6476,34.4738,0.3
548,0.326284,79.4058,34.4738,0.3
549,0.332842,123.355,34.4738,0.3
550,0.361506,86.577,34.4738,0.3
551,0.349905,134.403,34.4738,0.3
552,0.34667,75.3808,34.4738,0.3
553,0.300978,37.8377,34.4738,0.3
554,0.308561,98.9818,36.8552,0.3
555,0.306585,71.4987,36.8552,0.3
556,0.255819,31.7276,36.8552,0.3
557,0.299047,305.321,36.8552,0.3
558,0.294949,52.3311,36.8552,0.3
559,0.287739,87.2934,36.8552,0.3
560,0.289078,198.381,36.8552,0.3
561,0.295689,56.4112,36.8552,0.3
562,0.281137,48.5727,36.8552,0.3
563,0.308025,14536.3,36.8552,0.3
564,0.296524,455.121,36.8552,0.3
565,0.311697,106.782,39.4011,0.3
566,0.340677,102.958,39.4011,0.3
567,0.340372,111.838,39.4011,0.3
568,0.346056,153.679,39.4011,0.3
569,0.341629,2094.57,39.4011,0.3
570,0.34326,131.708,39.4011,0.3
571,0.319071,160.997,39.4011,0.3
572,0.351576,1379.16,39.4011,0.3
573,0.350828,461.288,39.4011,0.3
574,0.340399,64.3298,39.4011,0.3
575,0.321978,100.622,39.4011,0.3
576,0.329199,87.1261,42.1228,0.3
577,0.333979,47.9276,42.1228,0.3
578,0.350773,99.5239,42.1228,0.3
579,0.36685,110.587,42.1228,0.3
580,0.38302,902.373,42.1228,0.3
581,0.352037,61.1939,42.1228,0.3
582,0.327127,85.227,42.1228,0.3
583,0.319002,110.784,42.1228,0.3
584,0.30356,233.014,42.1228,0.3
585,0.318024,52.2138,45.0325,0.3
586,0.336882,59.015,45.0325,0.3
587,0.320236,132.238,45.0325,0.3
588,0.285303,43.9791,45.0325,0.3
589,0.272161,53.8968,45.0325,0.3
590,0.279619,554.431,45.0325,0.3
591,0.292839,110.81,45.0325,0.3
592,0.319395,423.646,45.0325,0.3
593,0.316553,126.207,45.0325,0.3
594,0.286066,58.3843,45.0325,0.3
595,0.284672,193.447,45.0325,0.3
596,0.277002,83.9159,45.0325,0.3
597,0.269014,63.5923,45.0325,0.3
598,0.257681,72.5137,45.0325,0.3
599,0.268211,133.276,48.1433,0.3
600,0.274014,148.465,48.1433,0.3
601,0.291178,271.541,48.1433,0.3
602,0.314842,3528.24,48.1433,0.3
603,0.329916,1644.38,48.1433,0.3
604,0.323189,133.771,48.1433,0.3
605,0.323677,257.585,51.4689,0.3
606,0.312149,75.3394,51.4689,0.3
607,0.343075,332.86,51.4689,0.3
608,0.331526,99.8878,51.4689,0.3
609,0.337526,68.5139,51.4689,0.3
610,0.327631,53.8325,51.4689,0.3
611,0.312901,125.799,51.4689,0.3
612,0.290808,44.9869,51.4689,0.3
613,0.281761,228.082,51.4689,0.3
614,0.285387,98.6697,51.4689,0.3
615,0.295586,11012.7,51.4689,0.3
616,0.295689,95.4127,55.0242,0.3
617,0.313343,170.898,55.0242,0.3
618,0.319921,95.7266,55.0242,0.3
619,0.325556,266.779,55.0242,0.3
620,0.357548,135.093,55.0242,0.3
621,0.339577,102.263,55.0242,0.3
622,0.351564,3562.84,58.8252,0.3
623,0.35605,171.193,58.8252,0.3
624,0.349648,146.052,58.8252,0.3
625,0.353771,212.103,58.8252,0.3
626,0.348331,118.215,58.8252,0.3
627,0.295504,39.4176,58.8252,0.3
628,0.296263,114.506,58.8252,0.3
629,0.277557,140.629,58.8252,0.3
630,0.242262,45.7936,58.8252,0.3
631,0.240017,57.1739,58.8252,0.3
632,0.222496,72.363,58.8252,0.3
633,0.236292,176.653,58.8252,0.3
634,0.242472,125.911,62.8887,0.3
635,0.243628,147.371,62.8887,0.3
636,0.25614,119.242,62.8887,0.3
637,0.248646,81.6917,62.8887,0.3
638,0.245125,146.46,62.8887,0.3
639,0.249722,685.112,62.8887,0.3
640,0.260637,680.93,62.8887,0.3
641,0.264889,105.964,67.2329,0.3
642,0.271105,1139.9,67.2329,0.3
643,0.26132,22713,67.2329,0.3
644,0.249596,89.3286,67.2329,0.3
645,0.239023,426.387,67.2329,0.3
646,0.24593,721.771,67.2329,0.3
647,0.22513,121.406,67.2329,0.3
648,0.229483,98.1189,67.2329,0.3
649,0.246359,1031.11,67.2329,0.3
650,0.252794,277.174,71.8772,0.3
651,0.268789,377.905,71.8772,0.3
652,0.237095,293.192,71.8772,0.3
653,0.242516,165.188,71.8772,0.3
654,0.242701,114.585,71.8772,0.3
655,0.242727,123.58,71.8772,0.3
656,0.266973,1129.92,76.8423,0.3
657,0.272974,918.068,76.8423,0.3
658,0.269371,150.509,76.8423,0.3
659,0.269318,434.608,76.8423,0.3
660,0.271326,650.021,76.8423,0.3
661,0.25034,101.992,76.8423,0.3
662,0.246693,422.828,76.8423,0.3
663,0.224197,53.5162,76.8423,0.3
664,0.213579,129.07,76.8423,0.3
665,0.217451,168.595,76.8423,0.3
666,0.229708,154.446,76.8423,0.3
667,0.225304,131.985,76.8423,0.3
668,0.23735,127.565,82.1504,0.3
669,0.24264,813.993,82.1504,0.3
670,0.244591,897.395,82.1504,0.3
671,0.232965,128.183,82.1504,0.3
672,0.231764,201.098,82.1504,0.3
673,0.215509,78.7674,82.1504,0.3
674,0.212429,105.148,82.1504,0.3
675,0.218903,446.478,82.1504,0.3
676,0.20788,101.375,82.1504,0.3
677,0.221031,364.26,82.1504,0.3
678,0.217031,169.906,82.1504,0.3
679,0.213095,155.103,82.1504,0.3
680,0.198708,92.9336,82.1504,0.3
681,0.216036,761.126,87.8251,0.3
682,0.226471,119.077,87.8251,0.3
683,0.238012,576.614,87.8251,0.3
684,0.234949,1772.73,87.8251,0.3
685,0.222921,63.0063,87.8251,0.3
686,0.214445,376.621,87.8251,0.3
687,0.205317,127.511,87.8251,0.3
688,0.172995,48.405,87.8251,0.3
689,0.181057,395.33,87.8251,0.3
690,0.17849,108.669,87.8251,0.3
691,0.165918,77.3694,87.8251,0.3
692,0.162386,88.3403,87.8251,0.3
693,0.164579,237.245,87.8251,0.3
694,0.176702,223.109,93.8919,0.3
695,0.183443,3550.76,93.8919,0.3
696,0.173716,116.707,93.8919,0.3
697,0.178007,154.542,93.8919,0.3
698,0.191214,341.135,93.8919,0.3
699,0.187008,316.141,93.8919,0.3
700,0.198088,191.071,93.8919,0.3
701,0.186922,82.998,93.8919,0.3
702,0.17008,81.9221,93.8919,0.3
703,0.187702,364.671,100.378,0.3
704,0.182686,275.263,100.378,0.3
705,0.182219,1129.6,100.378,0.3
706,0.183144,1091.32,100.378,0.3
707,0.183653,207.5,100.378,0.3
708,0.178553,179.692,100.378,0.3
709,0.185627,389.69,100.378,0.3
710,0.182646,429.361,100.378,0.3
711,0.155981,81.6582,100.378,0.3
712,0.177162,6265.67,100.378,0.3
713,0.176729,147.13,100.378,0.3
714,0.167635,81.8631,100.378,0.3
715,0.16675,124.963,100.378,0.3
716,0.164511,132.195,100.378,0.3
717,0.157639,61.0613,100.378,0.3
718,0.165049,354.201,107.312,0.3
719,0.170731,132.271,107.312,0.3
720,0.172173,142.431,107.312,0.3
721,0.146753,152.973,107.312,0.3
722,0.168369,283.115,107.312,0.3
723,0.170885,146.358,107.312,0.3
724,0.170782,812.086,107.312,0.3
725,0.178509,260.935,114.724,0.3
726,0.18251,24227.2,114.724,0.3
727,0.179216,316.521,114.724,0.3
728,0.179605,164.787,114.724,0.3
729,0.168756,159.038,114.724,0.3
730,0.161425,170.182,114.724,0.3
731,0.168222,363.72,114.724,0.3
732,0.167564,2150.35,114.724,0.3
733,0.178785,139.5,114.724,0.3
734,0.173708,246.137,114.724,0.3
735,0.170824,161.055,114.724,0.3
736,0.160118,82.0596,114.724,0.3
737,0.161877,134.106,122.649,0.3
738,0.171488,229.999,122.649,0.3
739,0.164288,120.73,122.649,0.3
740,0.152729,189.655,122.649,0.3
741,0.141157,287.132,122.649,0.3
742,0.130899,92.4061,122.649,0.3
743,0.11824,107.543,122.649,0.3
744,0.132904,360.666,122.649,0.3
745,0.131975,136.48,122.649,0.3
746,0.137569,143.686,122.649,0.3
747,0.141739,246.619,122.649,0.3
748,0.130142,172.391,122.649,0.3
749,0.146454,335.138,131.122,0.3
750,0.149628,345.887,131.122,0.3
751,0.154554,371.803,131.122,0.3
752,0.166641,320.428,131.122,0.3
753,0.159813,99.3019,131.122,0.3
754,0.148676,129.219,131.122,0.3
755,0.145144,232.948,131.122,0.3
756,0.14793,216.046,131.122,0.3
757,0.139776,534.29,131.122,0.3
758,0.141617,146.233,140.179,0.3
759,0.149801,793.042,140.179,0.3
760,0.147417,591.629,140.179,0.3
761,0.144609,127.617,140.179,0.3
762,0.138443,853.274,140.179,0.3
763,0.137442,170.614,140.179,0.3
764,0.140072,200.462,140.179,0.3
765,0.123737,337.162,140.179,0.3
766,0.122293,312.072,140.179,0.3
767,0.11515,263.622,140.179,0.3
768,0.123491,726.75,140.179,0.3
769,0.107798,64.5983,140.179,0.3
770,0.116026,186.479,140.179,0.3
771,0.128117,797.913,149.862,0.3
772,0.128136,164.98,149.862,0.3
773,0.137636,226.953,149.862,0.3
774,0.140825,914.284,149.862,0.3
775,0.148279,472.085,149.862,0.3
776,0.146511,345.666,149.862,0.3
777,0.144056,207.103,149.862,0.3
778,0.145233,134.234,160.215,0.3
779,0.134537,158.095,160.215,0.3
780,0.129648,201.48,160.215,0.3
781,0.121162,104.897,160.215,0.3
782,0.133125,774.254,160.215,0.3
783,0.138582,197.798,160.215,0.3
784,0.149168,254.08,160.215,0.3
785,0.151932,808.551,160.215,0.3
786,0.145571,213.934,160.215,0.3
787,0.146975,270.72,171.282,0.3
788,0.147541,203.692,171.282,0.3
789,0.152,527.826,171.282,0.3
790,0.144026,149.755,171.282,0.3
791,0.145456,318.329,171.282,0.3
792,0.145609,228.178,171.282,0.3
793,0.130651,91.1183,171.282,0.3
794,0.123276,126.978,171.282,0.3
795,0.118471,146.499,171.282,0.3
796,0.11367,2230.64,171.282,0.3
797,0.123796,2868.42,183.113,0.3
798,0.111956,292.486,183.113,0.3
799,0.106062,196.643,183.113,0.3
800,0.0985661,733.13,183.113,0.3
801,0.099802,270.37,183.113,0.3
802,0.0970135,1098.62,183.113,0.3
803,0.105679,208.861,183.113,0.3
804,0.112026,571.494,183.113,0.3
805,0.109949,380.528,183.113,0.3
806,0.110611,150.803,183.113,0.3
807,0.112242,470.305,195.763,0.3
808,0.118216,662.996,195.763,0.3
809,0.122252,230.747,195.763,0.3
810,0.134483,543.634,195.763,0.3
811,0.143679,519.944,195.763,0.3
812,0.146221,334.363,209.285,0.3
813,0.142633,273.438,209.285,0.3
814,0.140781,561.183,209.285,0.3
815,0.140242,415.379,209.285,0.3
816,0.129093,112.932,209.285,0.3
817,0.126583,408.095,209.285,0.3
818,0.128012,311.704,209.285,0.3
819,0.131001,281.995,209.285,0.3
820,0.122957,228.861,209.285,0.3
821,0.12084,735.688,209.285,0.3
822,0.12645,309.972,209.285,0.3
823,0.112747,101.912,209.285,0.3
824,0.113863,392.385,209.285,0.3
825,0.126013,469.422,223.742,0.3
826,0.122253,242.129,223.742,0.3
827,0.117653,304.551,223.742,0.3
828,0.119263,461.305,223.742,0.3
829,0.133505,742.568,223.742,0.3
830,0.125454,160.133,223.742,0.3
831,0.115664,141.419,223.742,0.3
832,0.113976,574.77,223.742,0.3
833,0.105282,267.367,223.742,0.3
834,0.11429,514.119,223.742,0.3
835,0.116072,1394.2,223.742,0.3
836,0.123623,532.503,239.198,0.3
837,0.125473,2523.67,239.198,0.3
838,0.128321,1768.68,239.198,0.3
839,0.133997,342.498,239.198,0.3
840,0.132177,634.196,239.198,0.3
841,0.129042,277.056,239.198,0.3
842,0.123371,258.494,239.198,0.3
843,0.120558,541.261,239.198,0.3
844,0.125326,570.415,239.198,0.3
845,0.125826,410.567,255.721,0.3
846,0.120836,530.723,255.721,0.3
847,0.126198,2408.64,255.721,0.3
848,0.125,202.916,255.721,0.3
849,0.113007,133.648,255.721,0.3
850,0.122189,571.703,255.721,0.3
851,0.114174,214.072,255.721,0.3
852,0.105394,185.604,255.721,0.3
853,0.110029,473.254,255.721,0.3
854,0.100786,160.077,255.721,0.3
855,0.0986309,1361.44,255.721,0.3
856,0.106804,1752.06,255.721,0.3
857,0.110434,1082.29,273.386,0.3
858,0.102146,248.94,273.386,0.3
859,0.100296,300.753,273.386,0.3
860,0.102009,334.989,273.386,0.3
861,0.0980835,366.919,273.386,0.3
862,0.0993633,291.834,273.386,0.3
863,0.0991211,170.543,273.386,0.3
864,0.105951,11536.8,273.386,0.3
865,0.105196,331.909,273.386,0.3
866,0.107615,210.419,273.386,0.3
867,0.105486,372.479,273.386,0.3
868,0.0893135,119.591,273.386,0.3
869,0.0802021,271.742,273.386,0.3
870,0.091114,1142.32,292.27,0.3
871,0.0920258,436.631,292.27,0.3
872,0.0915585,1406.56,292.27,0.3
873,0.0823746,627.038,292.27,0.3
874,0.0881119,410.263,292.27,0.3
875,0.0909176,1066.52,292.27,0.3
876,0.088686,635.561,292.27,0.3
877,0.0865498,230.792,292.27,0.3
878,0.0922947,1608.05,292.27,0.3
879,0.0954952,627.318,312.46,0.3
880,0.0968151,887.735,312.46,0.3
881,0.0898952,233.824,312.46,0.3
882,0.0827885,212.151,312.46,0.3
883,0.0802917,248.697,312.46,0.3
884,0.082201,320.117,312.46,0.3
885,0.0893211,851.911,312.46,0.3
886,0.0863037,285.728,312.46,0.3
887,0.0899315,1560.38,312.46,0.3
888,0.0894852,1114.36,312.46,0.3
889,0.0854225,192.42,312.46,0.3
890,0.0840473,366.351,312.46,0.3
891,0.085865,331.155,334.044,0.3
892,0.0856953,527.697,334.044,0.3
893,0.0778599,422.627,334.044,0.3
894,0.0782146,259.661,334.044,0.3
895,0.0787601,707.899,334.044,0.3
896,0.0873623,426.156,334.044,0.3
897,0.0799046,216.448,334.044,0.3
898,0.0849857,566.279,334.044,0.3
899,0.08284,242.41,334.044,0.3
900,0.0885925,18170.4,357.119,0.3
901,0.0888538,237.714,357.119,0.3
902,0.087347,332.022,357.119,0.3
903,0.0880489,524.794,357.119,0.3
904,0.0837841,481.831,357.119,0.3
905,0.0822887,1496.11,357.119,0.3
906,0.0750637,283.442,357.119,0.3
907,0.0679245,161.367,357.119,0.3
908,0.0738144,339.915,357.119,0.3
909,0.0795898,3199.67,357.119,0.3
910,0.0741959,562.771,357.119,0.3
911,0.0784302,853.045,381.788,0.3
912,0.0762558,232.278,381.788,0.3
913,0.0708904,343.607,381.788,0.3
914,0.0756168,1690.84,381.788,0.3
915,0.0781841,1106.58,381.788,0.3
916,0.0714569,660.804,381.788,0.3
917,0.073904,422.455,381.788,0.3
918,0.079071,705.141,381.788,0.3
919,0.0773373,286.834,381.788,0.3
920,0.0827885,1451.35,408.161,0.3
921,0.0815659,508.097,408.161,0.3
922,0.0773258,205.102,408.161,0.3
923,0.0748005,245.053,408.161,0.3
924,0.0734959,795.817,408.161,0.3
925,0.0761204,2452.71,408.161,0.3
926,0.070776,294.455,408.161,0.3
927,0.075201,905.265,408.161,0.3
928,0.0763645,731.067,408.161,0.3
929,0.0756454,340.433,408.161,0.3
930,0.0854206,9810.33,408.161,0.3
931,0.0931225,1065.99,436.355,0.3
932,0.0819244,184.903,436.355,0.3
933,0.0848293,948.567,436.355,0.3
934,0.0800209,349.007,436.355,0.3
935,0.0740795,491.711,436.355,0.3
936,0.0740414,449.17,436.355,0.3
937,0.0756264,559.258,436.355,0.3
938,0.0837307,3203.14,436.355,0.3
939,0.0839844,456.218,436.355,0.3
940,0.0855045,2455.77,466.498,0.3
941,0.0806389,227.605,466.498,0.3
942,0.0778618,1844.72,466.498,0.3
943,0.0756721,512.171,466.498,0.3
944,0.0745106,2414.68,466.498,0.3
945,0.0665836,179.043,466.498,0.3
946,0.071085,1998.37,466.498,0.3
947,0.0659981,313.924,466.498,0.3
948,0.0677319,2243.76,466.498,0.3
949,0.0697651,2344.64,466.498,0.3
950,0.0636234,249.346,466.498,0.3
951,0.0570087,210.735,466.498,0.3
952,0.0633144,883.596,466.498,0.3
953,0.067625,2882.43,498.722,0.3
954,0.0669918,337.437,498.722,0.3
955,0.0636425,327.63,498.722,0.3
956,0.0699406,329.543,498.722,0.3
957,0.0728016,2746.93,498.722,0.3
958,0.0750465,757.047,498.722,0.3
959,0.0788212,949.476,498.722,0.3
960,0.0756855,259.91,498.722,0.3
961,0.0773544,553.106,533.173,0.3
962,0.0800495,1038.62,533.173,0.3
963,0.0825539,519.208,533.173,0.3
964,0.0786552,780.801,533.173,0.3
965,0.0720406,1229.27,533.173,0.3
966,0.0730705,4571.18,533.173,0.3
967,0.0646763,2753.1,533.173,0.3
968,0.0609035,276.858,533.173,0.3
969,0.0652504,414.851,533.173,0.3
970,0.0729504,3289.56,570.003,0.3
971,0.0739803,1198.09,570.003,0.3
972,0.0723152,456.99,570.003,0.3
973,0.0729332,587.182,570.003,0.3
974,0.0709496,395.968,570.003,0.3
975,0.0662498,229.653,570.003,0.3
976,0.0615978,218.253,570.003,0.3
977,0.0621567,373.583,570.003,0.3
978,0.0626163,365.755,570.003,0.3
979,0.0618114,545.635,570.003,0.3
980,0.0561008,282.479,570.003,0.3
981,0.0547886,278.165,570.003,0.3
982,0.0602131,4328.95,609.378,0.3
983,0.0589085,535.267,609.378,0.3
984,0.0579872,1350.29,609.378,0.3
985,0.0563717,463.304,609.378,0.3
986,0.0591869,2105.41,609.378,0.3
987,0.0602551,1094.77,609.378,0.3
988,0.0567837,187.52,609.378,0.3
989,0.0626011,40378.7,609.378,0.3
990,0.0620289,1497.38,609.378,0.3
991,0.0603752,560.886,609.378,0.3
992,0.0577831,331.139,609.378,0.3
993,0.0587597,943.828,609.378,0.3
994,0.0589027,668.429,651.472,0.3
995,0.0573559,4689.14,651.472,0.3
996,0.0559368,257.694,651.472,0.3
997,0.0567818,587.238,651.472,0.3
998,0.0590687,532.468,651.472,0.3
999,0.058733,800.794,651.472,0.3
1000,0.0594807,3993.74,651.472,0.3
1001,0.0633068,536.155,651.472,0.3
1002,0.0607872,383.067,651.472,0.3
1003,0.0604,631.839,651.472,0.3
1004,0.0592308,532.45,651.472,0.3
1005,0.0565186,214.951,651.472,0.3
1006,0.0601311,1083.06,696.474,0.3
1007,0.0590153,3354.98,696.474,0.3
1008,0.0607738,656.767,696.474,0.3
1009,0.059763,280.367,696.474,0.3
1010,0.0544758,326.533,696.474,0.3
1011,0.0535965,594.576,696.474,0.3
1012,0.0529156,316.816,696.474,0.3
1013,0.0554008,660.932,696.474,0.3
1014,0.0574131,2239.49,696.474,0.3
1015,0.0595493,473.076,696.474,0.3
1016,0.0551071,271.65,696.474,0.3
1017,0.0513191,518.453,696.474,0.3
1018,0.0514317,463.002,744.585,0.3
1019,0.0527382,1753.77,744.585,0.3
1020,0.0510082,288.059,744.585,0.3
1021,0.0490036,317.888,744.585,0.3
1022,0.0453854,520.543,744.585,0.3
1023,0.0452328,1481.29,744.585,0.3
1024,0.0450573,470.283,744.585,0.3
1025,0.0481396,667.639,744.585,0.3
1026,0.048418,476.646,744.585,0.3
1027,0.0543613,3132.85,744.585,0.3
1028,0.0551758,1194.98,796.019,0.3
1029,0.0534554,1856.6,796.019,0.3
1030,0.0549698,496.502,796.019,0.3
1031,0.0573177,1102.53,796.019,0.3
1032,0.0555458,488.239,796.019,0.3
1033,0.0568581,1738.8,796.019,0.3
1034,0.057394,2071.67,796.019,0.3
1035,0.0560856,5722.97,796.019,0.3
1036,0.0575771,944.68,851.006,0.3
1037,0.056242,1100.38,851.006,0.3
1038,0.0550995,380.693,851.006,0.3
1039,0.0569592,463.765,851.006,0.3
1040,0.052145,552.394,851.006,0.3
1041,0.0514183,1064.07,851.006,0.3
1042,0.0554314,5527.96,851.006,0.3
1043,0.0550861,476.735,851.006,0.3
1044,0.0562229,809.619,851.006,0.3
1045,0.0584774,1755.72,851.006,0.3
1046,0.0609398,1005.54,909.792,0.3
1047,0.0566883,963.622,909.792,0.3
1048,0.0532703,5506.19,909.792,0.3
1049,0.0498352,617.188,909.792,0.3
1050,0.0485992,1667.57,909.792,0.3
1051,0.0494366,652.916,909.792,0.3
1052,0.0495548,398.917,909.792,0.3
1053,0.0492096,1945.26,909.792,0.3
1054,0.0468903,483.772,909.792,0.3
1055,0.0526142,1897.76,909.792,0.3
1056,0.0504417,358.573,909.792,0.3
1057,0.0521755,797.477,909.792,0.3
1058,0.0502682,595.113,909.792,0.3
1059,0.0488586,310.605,909.792,0.3
1060,0.0489616,597.775,972.638,0.3
1061,0.0473309,488.597,972.638,0.3
1062,0.0411835,248.931,972.638,0.3
1063,0.0443497,1211.32,972.638,0.3
1064,0.0484543,23446.1,972.638,0.3
1065,0.0461578,492.968,972.638,0.3
1066,0.0444241,341.129,972.638,0.3
1067,0.0458565,1207.51,972.638,0.3
1068,0.0451756,2737.76,972.638,0.3
1069,0.0432529,930.532,972.638,0.3
1070,0.0457458,2107.33,972.638,0.3
1071,0.0496063,1603.04,1039.83,0.3
1072,0.0497742,2181.63,1039.83,0.3
1073,0.0502529,973.043,1039.83,0.3
1074,0.0499592,1234.19,1039.83,0.3
1075,0.050745,610.396,1039.83,0.3
1076,0.0520344,1037.63,1039.83,0.3
1077,0.0532761,2147.4,1111.65,0.3
1078,0.0530682,909.743,1111.65,0.3
1079,0.0506592,998.007,1111.65,0.3
1080,0.0460072,354.547,1111.65,0.3
1081,0.0466862,1120.08,1111.65,0.3
1082,0.0461731,756.34,1111.65,0.3
1083,0.0474453,776.555,1111.65,0.3
1084,0.0481586,2189.36,1111.65,0.3
1085,0.0462475,993.059,1111.65,0.3
1086,0.0473156,11895.2,1111.65,0.3
1087,0.047411,484.041,1188.44,0.3
1088,0.046627,1458.05,1188.44,0.3
1089,0.0481586,2781.32,1188.44,0.3
1090,0.0455837,791.97,1188.44,0.3
1091,0.0444965,609.813,1188.44,0.3
1092,0.0435123,740.922,1188.44,0.3
1093,0.0397434,554.952,1188.44,0.3
1094,0.0400753,519.665,1188.44,0.3
1095,0.0404606,1896.64,1188.44,0.3
1096,0.0417099,2328.75,1188.44,0.3
1097,0.0409927,1013.78,1188.44,0.3
1098,0.038456,500.117,1188.44,0.3
1099,0.0391598,783.585,1270.54,0.3
1100,0.0404282,8702.14,1270.54,0.3
1101,0.0386696,929.726,1270.54,0.3
1102,0.0411434,1291.75,1270.54,0.3
1103,0.0415649,820.645,1270.54,0.3
1104,0.0394955,3751.64,1270.54,0.3
1105,0.0376301,2028.1,1270.54,0.3
1106,0.0345554,548.322,1270.54,0.3
1107,0.0329456,521.813,1270.54,0.3
1108,0.0346432,1252.71,1270.54,0.3
1109,0.0364437,1185.85,1358.31,0.3
1110,0.0397186,2332.82,1358.31,0.3
1111,0.0383816,1159.74,1358.31,0.3
1112,0.03549,575.775,1358.31,0.3
1113,0.0375805,1061.8,1358.31,0.3
1114,0.0364265,1233.2,1358.31,0.3
1115,0.0346241,678.616,1358.31,0.3
1116,0.0352383,1093.18,1358.31,0.3
1117,0.03269,681.94,1358.31,0.3
1118,0.0284309,845.973,1358.31,0.3
1119,0.0289974,1364.17,1358.31,0.3
1120,0.030283,980.433,1452.13,0.3
1121,0.0331421,12161,1452.13,0.3
1122,0.0348034,508.89,1452.13,0.3
1123,0.033535,7815.24,1452.13,0.3
1124,0.0372143,2817.55,1452.13,0.3
1125,0.0400658,2995.82,1452.13,0.3
1126,0.040247,2238.69,1552.44,0.3
1127,0.0381622,1032.67,1552.44,0.3
1128,0.0349903,1035.35,1552.44,0.3
1129,0.0359154,1351.36,1552.44,0.3
1130,0.0333633,412.233,1552.44,0.3
1131,0.032486,881.723,1552.44,0.3
1132,0.0331364,3287.88,1552.44,0.3
1133,0.0338192,1606.27,1552.44,0.3
1134,0.0341492,1579.88,1552.44,0.3
1135,0.0369377,2477.75,1659.68,0.3
1136,0.0359993,1158.75,1659.68,0.3
1137,0.0349674,893.232,1659.68,0.3
1138,0.0358677,3583.64,1659.68,0.3
1139,0.0346375,1306.78,1659.68,0.3
1140,0.0361156,4720.83,1659.68,0.3
1141,0.0344505,641.931,1659.68,0.3
1142,0.036438,2045.8,1659.68,0.3
1143,0.035944,880.045,1659.68,0.3
1144,0.0372601,12511.2,1659.68,0.3
1145,0.0380154,861.861,1774.33,0.3
1146,0.0383854,2659.41,1774.33,0.3
1147,0.0346012,366.154,1774.33,0.3
1148,0.0358849,1956.75,1774.33,0.3
1149,0.0341854,1704.28,1774.33,0.3
1150,0.0364342,2863.9,1774.33,0.3
1151,0.0360565,705.964,1774.33,0.3
1152,0.0390491,1930.55,1774.33,0.3
1153,0.0373383,754.454,1774.33,0.3
1154,0.0388279,12982.4,1896.9,0.3
1155,0.0368557,734.989,1896.9,0.3
1156,0.0371685,121136,1896.9,0.3
1157,0.0350628,656.889,1896.9,0.3
1158,0.0322189,639.764,1896.9,0.3
1159,0.0327873,6432.56,1896.9,0.3
1160,0.0362835,6036.26,1896.9,0.3
1161,0.0377808,1412.61,1896.9,0.3
1162,0.0375118,12318.9,1896.9,0.3
1163,0.0369892,1835.87,1896.9,0.3
1164,0.0352249,594.092,1896.9,0.3
1165,0.0369091,2300.29,2027.93,0.3
1166,0.0361481,1075.93,2027.93,0.3
1167,0.0361805,10244.2,2027.93,0.3
1168,0.0351562,3024.88,2027.93,0.3
1169,0.0350742,1246.77,2027.93,0.3
1170,0.0324154,729.736,2027.93,0.3
1171,0.0345612,3726.4,2027.93,0.3
1172,0.0347347,886.269,2027.93,0.3
1173,0.0341072,888.069,2027.93,0.3
1174,0.0347214,6987.27,2027.93,0.3
1175,0.0365543,2671.11,2168.01,0.3
1176,0.0339508,1562.46,2168.01,0.3
1177,0.0335693,10814.3,2168.01,0.3
1178,0.0344582,1632.03,2168.01,0.3
1179,0.0341473,795.688,2168.01,0.3
1180,0.0337887,2558.91,2168.01,0.3
1181,0.0358696,25082.9,2168.01,0.3
1182,0.0349197,836.433,2168.01,0.3
1183,0.0290432,476.47,2168.01,0.3
1184,0.0279331,1611.91,2168.01,0.3
1185,0.0300903,18638.9,2168.01,0.3
1186,0.0314922,1768.78,2168.01,0.3
1187,0.0324669,1603.82,2317.77,0.3
1188,0.0340252,1083,2317.77,0.3
1189,0.0328541,586.874,2317.77,0.3
1190,0.0317116,24227.2,2317.77,0.3
1191,0.0310802,1765.88,2317.77,0.3
1192,0.0312481,2491.16,2317.77,0.3
1193,0.0329647,3603.02,2317.77,0.3
1194,0.0317173,2578.8,2317.77,0.3
1195,0.0322247,3279.95,2317.77,0.3
1196,0.0300541,924.058,2317.77,0.3
1197,0.0293903,725.441,2317.77,0.3
1198,0.02911,1454.87,2317.77,0.3
1199,0.0290813,5722.99,2317.77,0.3
1200,0.0291901,716.787,2477.88,0.3
1201,0.0304794,18682.8,2477.88,0.3
1202,0.0300484,930.531,2477.88,0.3
1203,0.0318966,4268,2477.88,0.3
1204,0.0301685,1576.92,2477.88,0.3
1205,0.0286598,691.743,2477.88,0.3
1206,0.0318623,2535.08,2477.88,0.3
1207,0.0296917,652.944,2477.88,0.3
1208,0.0277081,837.029,2477.88,0.3
1209,0.0256596,1358.84,2477.88,0.3
1210,0.0267963,2806.64,2477.88,0.3
1211,0.0252018,3618.36,2477.88,0.3
1212,0.0234489,647.592,2477.88,0.3
1213,0.0238152,3442.79,2649.05,0.3
1214,0.023325,920.55,2649.05,0.3
1215,0.0230885,2301.32,2649.05,0.3
1216,0.0258465,6239.76,2649.05,0.3
1217,0.0265026,13260.7,2649.05,0.3
1218,0.0245533,926.196,2649.05,0.3
1219,0.0250187,1232.11,2649.05,0.3
1220,0.0272465,1293.66,2649.05,0.3
1221,0.0269413,1298.15,2649.05,0.3
1222,0.0266132,1020.58,2649.05,0.3
1223,0.0286598,4070.15,2832.04,0.3
1224,0.0282764,1592.09,2832.04,0.3
1225,0.0297832,1990.63,2832.04,0.3
1226,0.0281734,1492.31,2832.04,0.3
1227,0.0267162,889.285,2832.04,0.3
1228,0.0276127,2980.63,2832.04,0.3
1229,0.024168,565.118,2832.04,0.3
1230,0.0233917,695.762,2832.04,0.3
1231,0.0224724,1304.16,2832.04,0.3
1232,0.0194016,642.279,2832.04,0.3
1233,0.0205994,1173.84,2832.04,0.3
1234,0.0212383,3564.96,2832.04,0.3
1235,0.022398,1930.18,3027.67,0.3
1236,0.0215378,1107.29,3027.67,0.3
1237,0.0229473,4559.19,3027.67,0.3
1238,0.0241165,2399.16,3027.67,0.3
1239,0.0246525,1853.87,3027.67,0.3
1240,0.0250854,1404.01,3027.67,0.3
1241,0.0237408,853.591,3027.67,0.3
1242,0.0217247,1433.71,3027.67,0.3
1243,0.020792,1768.54,3027.67,0.3
1244,0.0234604,6886.78,3236.81,0.3
1245,0.024929,1978.61,3236.81,0.3
1246,0.023344,970.777,3236.81,0.3
1247,0.0233135,3986.28,3236.81,0.3
1248,0.0234489,80757.5,3236.81,0.3
1249,0.0233631,5909.26,3236.81,0.3
1250,0.0252457,3896.48,3236.81,0.3
1251,0.0256519,765.564,3236.81,0.3
1252,0.0254974,1142.68,3236.81,0.3
1253,0.0256748,6240.36,3460.4,0.3
1254,0.0234165,1528.37,3460.4,0.3
1255,0.0234852,1368.62,3460.4,0.3
1256,0.0223389,921.918,3460.4,0.3
1257,0.0226402,2598.85,3460.4,0.3
1258,0.0242863,10385.5,3460.4,0.3
1259,0.0232677,788.288,3460.4,0.3
1260,0.0255547,20766.2,3460.4,0.3
1261,0.0236969,2271.24,3460.4,0.3
1262,0.0243187,1813.16,3699.44,0.3
1263,0.023592,4278.06,3699.44,0.3
1264,0.0210476,1210.03,3699.44,0.3
1265,0.0195408,717.99,3699.44,0.3
1266,0.0200996,2040.11,3699.44,0.3
1267,0.0203342,2396.93,3699.44,0.3
1268,0.0220909,4003.88,3699.44,0.3
1269,0.0245857,4343.32,3699.44,0.3
1270,0.0257587,5635.96,3954.99,0.3
1271,0.0244942,1211.07,3954.99,0.3
1272,0.0257263,5979.78,3954.99,0.3
1273,0.0242825,1062.96,3954.99,0.3
1274,0.0254898,4616.7,3954.99,0.3
1275,0.0267391,4883.55,3954.99,0.3
1276,0.026001,1437.89,3954.99,0.3
1277,0.0246296,1051.13,3954.99,0.3
1278,0.0246525,2088.37,3954.99,0.3
1279,0.0243435,1149.31,3954.99,0.3
1280,0.0234642,11853.8,3954.99,0.3
1281,0.0224113,10688.5,3954.99,0.3
1282,0.0227985,23445.7,4228.19,0.3
1283,0.022007,1961.3,4228.19,0.3
1284,0.0198059,818.415,4228.19,0.3
1285,0.0203724,45426.1,4228.19,0.3
1286,0.020443,6856.84,4228.19,0.3
1287,0.0209541,26029.7,4228.19,0.3
1288,0.0217762,6885.5,4228.19,0.3
1289,0.022459,3297.97,4520.26,0.3
1290,0.0213146,1189.55,4520.26,0.3
1291,0.0205078,17868.7,4520.26,0.3
1292,0.0207062,1679.67,4520.26,0.3
1293,0.020647,4548.17,4520.26,0.3
1294,0.0221367,39258.2,4520.26,0.3
1295,0.0211334,1819.74,4520.26,0.3
1296,0.0224857,11499.5,4520.26,0.3
1297,0.0208797,2733.21,4520.26,0.3
1298,0.0197277,2500.8,4520.26,0.3
1299,0.0206738,2700.5,4520.26,0.3
1300,0.0208855,1879.2,4832.51,0.3
1301,0.0208359,6274.43,4832.51,0.3
1302,0.0207024,1255.19,4832.51,0.3
1303,0.0192814,1507.2,4832.51,0.3
1304,0.0192032,2762.79,4832.51,0.3
1305,0.0189114,1598.28,4832.51,0.3
1306,0.0195389,2314.31,4832.51,0.3
1307,0.0207558,7690.56,4832.51,0.3
1308,0.0216293,4059.96,4832.51,0.3
1309,0.0210342,26933,4832.51,0.3
1310,0.0217228,1458.11,4832.51,0.3
1311,0.0209694,2155.27,4832.51,0.3
1312,0.0207081,1069.63,4832.51,0.3
1313,0.0214043,21378,5166.33,0.3
1314,0.0207081,3673.78,5166.33,0.3
1315,0.0210171,3457.34,5166.33,0.3
1316,0.0203056,1110.08,5166.33,0.3
1317,0.0197639,2918.82,5166.33,0.3
1318,0.01894,1490.39,5166.33,0.3
1319,0.0196209,7352.16,5166.33,0.3
1320,0.0182934,1153.41,5166.33,0.3
1321,0.0194111,1934.23,5166.33,0.3
1322,0.0201035,8976.79,5166.33,0.3
1323,0.0201321,3565.88,5523.21,0.3
1324,0.0200748,2739.25,5523.21,0.3
1325,0.0204487,4126.29,5523.21,0.3
1326,0.0222073,6901.71,5523.21,0.3
1327,0.0207081,2904.88,5523.21,0.3
1328,0.0213394,9717.62,5523.21,0.3
1329,0.0201683,1733.44,5523.21,0.3
1330,0.0200043,27025.3,5523.21,0.3
1331,0.0205631,1770.59,5523.21,0.3
1332,0.0192184,9662.96,5523.21,0.3
1333,0.0184364,4532.14,5523.21,0.3
1334,0.0200787,6840.88,5904.74,0.3
1335,0.0196018,1526.16,5904.74,0.3
1336,0.01964,8167.44,5904.74,0.3
1337,0.0192394,2671.08,5904.74,0.3
1338,0.0197506,72681.7,5904.74,0.3
1339,0.0213566,9095.74,5904.74,0.3
1340,0.0209808,2801.64,5904.74,0.3
1341,0.0210781,2508.99,5904.74,0.3
1342,0.0198994,1120.93,5904.74,0.3
1343,0.0194817,2387.59,5904.74,0.3
1344,0.018795,1010.75,5904.74,0.3
1345,0.0182552,2602.49,5904.74,0.3
1346,0.0186501,2065.93,6312.62,0.3
1347,0.0177708,2858.5,6312.62,0.3
1348,0.0173969,1276.76,6312.62,0.3
1349,0.0180264,2072.26,6312.62,0.3
1350,0.0193729,5740.4,6312.62,0.3
1351,0.018446,2060.15,6312.62,0.3
1352,0.0177116,4528.19,6312.62,0.3
1353,0.0181465,3873.56,6312.62,0.3
1354,0.017149,1929.36,6312.62,0.3
1355,0.0170231,1877.68,6312.62,0.3
1356,0.0171261,1993.55,6312.62,0.3
1357,0.017149,11368.5,6748.68,0.3
1358,0.0166111,5590.67,6748.68,0.3
1359,0.0154076,1163.92,6748.68,0.3
1360,0.0154171,5703.6,6748.68,0.3
1361,0.0156708,6684.42,6748.68,0.3
1362,0.0160542,1944.33,6748.68,0.3
1363,0.0159416,2657.53,6748.68,0.3
1364,0.016346,5585.35,6748.68,0.3
1365,0.0162277,2951.39,6748.68,0.3
1366,0.0143986,719.777,6748.68,0.3
1367,0.014782,5922.92,7214.86,0.3
1368,0.0140114,1222.34,7214.86,0.3
1369,0.0152035,5615.37,7214.86,0.3
1370,0.0146923,1024.09,7214.86,0.3
1371,0.0151463,2980.91,7214.86,0.3
1372,0.0161648,5296.66,7214.86,0.3
1373,0.0147114,1208.88,7214.86,0.3
1374,0.015873,6290.56,7214.86,0.3
1375,0.0156727,2268.87,7214.86,0.3
1376,0.0132198,799.438,7214.86,0.3
1377,0.0135593,1523.13,7713.25,0.3
1378,0.0140038,2385.94,7713.25,0.3
1379,0.0135117,1793.87,7713.25,0.3
1380,0.013113,5375.21,7713.25,0.3
1381,0.0143223,4193.92,7713.25,0.3
1382,0.0155659,12855.6,7713.25,0.3
1383,0.0151005,1352.7,7713.25,0.3
1384,0.0148144,1663.03,7713.25,0.3
1385,0.0146313,1465.53,7713.25,0.3
1386,0.0153675,4509.79,7713.25,0.3
1387,0.0159073,22713.6,8246.06,0.3
1388,0.0154495,1990.86,8246.06,0.3
1389,0.0152836,33037.2,8246.06,0.3
1390,0.0154324,3039.53,8246.06,0.3
1391,0.0153637,2143.66,8246.06,0.3
1392,0.0160789,13977.4,8246.06,0.3
1393,0.0164833,4983.17,8246.06,0.3
1394,0.0162525,2325.12,8246.06,0.3
1395,0.0153656,1657.51,8246.06,0.3
1396,0.0152416,2346,8246.06,0.3
1397,0.0161438,5564.45,8246.06,0.3
1398,0.0158787,5259.12,8246.06,0.3
1399,0.0155964,2819,8246.06,0.3
1400,0.0160656,2611.42,8815.68,0.3
1401,0.0163403,4278.7,8815.68,0.3
1402,0.0158596,1815.06,8815.68,0.3
1403,0.0151119,4177.07,8815.68,0.3
1404,0.015522,8879.75,8815.68,0.3
1405,0.0155315,36355.5,8815.68,0.3
1406,0.0134525,2811.03,8815.68,0.3
1407,0.0128117,2067.92,8815.68,0.3
1408,0.0127506,4404.3,8815.68,0.3
1409,0.0127373,1493.96,8815.68,0.3
1410,0.0128193,90852.2,8815.68,0.3
1411,0.0137653,7541.66,9424.65,0.3
1412,0.0125294,1204.98,9424.65,0.3
1413,0.0122929,15038.3,9424.65,0.3
1414,0.0134964,3446.56,9424.65,0.3
1415,0.0133877,1739.14,9424.65,0.3
1416,0.0122356,1650.73,9424.65,0.3
1417,0.0130711,2068.73,9424.65,0.3
1418,0.0125504,2590.01,9424.65,0.3
1419,0.0123653,1616.24,9424.65,0.3
1420,0.0128765,13713.5,9424.65,0.3
1421,0.0114021,1843.09,9424.65,0.3
1422,0.0118713,10200.8,9424.65,0.3
1423,0.0116196,2573.08,9424.65,0.3
1424,0.012598,10130.6,10075.7,0.3
1425,0.0131569,3606.54,10075.7,0.3
1426,0.0144005,3652.56,10075.7,0.3
1427,0.0147285,15268.6,10075.7,0.3
1428,0.0138988,2252.73,10075.7,0.3
1429,0.0138111,1662.34,10075.7,0.3
1430,0.0140419,10541.9,10075.7,0.3
1431,0.0146961,3171.45,10771.7,0.3
1432,0.0137348,1391.99,10771.7,0.3
1433,0.0135021,12531.3,10771.7,0.3
1434,0.0135994,2238,10771.7,0.3
1435,0.0127888,1603.1,10771.7,0.3
1436,0.0124645,2183.7,10771.7,0.3
1437,0.0122814,4908.77,10771.7,0.3
1438,0.0131569,31601.5,10771.7,0.3
1439,0.0129604,1956.36,10771.7,0.3
1440,0.0116501,1369.21,10771.7,0.3
1441,0.0119858,3044.17,10771.7,0.3
1442,0.0115166,1235.62,10771.7,0.3
1443,0.0116692,4097.89,10771.7,0.3
1444,0.0119171,1604.27,11515.8,0.3
1445,0.0115223,1960.82,11515.8,0.3
1446,0.0117016,33005.1,11515.8,0.3
1447,0.011404,1522.96,11515.8,0.3
1448,0.0124931,5990,11515.8,0.3
1449,0.0129948,3692.09,11515.8,0.3
1450,0.0127468,2902.4,11515.8,0.3
1451,0.0131092,10173,11515.8,0.3
1452,0.0135078,4712.47,12311.2,0.3
1453,0.0146275,19651.3,12311.2,0.3
1454,0.0139904,6833.1,12311.2,0.3
1455,0.0134487,11915.1,12311.2,0.3
1456,0.0132542,1996.8,12311.2,0.3
1457,0.0137367,4730.64,12311.2,0.3
1458,0.0135307,10331.5,12311.2,0.3
1459,0.0130329,12028.1,12311.2,0.3
1460,0.0125294,2230.95,12311.2,0.3
1461,0.0132275,5590.42,12311.2,0.3
1462,0.0130692,7816.23,12311.2,0.3
1463,0.0137863,16904.1,12311.2,0.3
1464,0.0143719,11916.7,13161.7,0.3
1465,0.0156612,25194.5,13161.7,0.3
1466,0.0150509,45426.1,13161.7,0.3
1467,0.0155735,4564.13,13161.7,0.3
1468,0.0154285,3038.57,13161.7,0.3
1469,0.0162487,6930.55,13161.7,0.3
1470,0.0160236,4742.9,13161.7,0.3
1471,0.0158691,2926.12,13161.7,0.3
1472,0.0139313,912.157,13161.7,0.3
1473,0.0134087,5030.87,13161.7,0.3
1474,0.0127621,2506.64,13161.7,0.3
1475,0.0123997,25062.7,13161.7,0.3
1476,0.0128193,4044.34,13161.7,0.3
1477,0.0130215,25965.3,14070.9,0.3
1478,0.0136509,16161.8,14070.9,0.3
1479,0.0142765,6399.33,14070.9,0.3
1480,0.0143013,4941.14,14070.9,0.3
1481,0.0140152,3350.79,14070.9,0.3
1482,0.0132694,6262.43,14070.9,0.3
1483,0.0128937,2682.63,14070.9,0.3
1484,0.0127277,181704,14070.9,0.3
1485,0.0125675,2713.7,14070.9,0.3
1486,0.0126915,14518,14070.9,0.3
1487,0.0119209,2416.82,14070.9,0.3
1488,0.01231,4741.96,15042.8,0.3
1489,0.0123882,3939,15042.8,0.3
1490,0.0129757,14783.8,15042.8,0.3
1491,0.0126362,6704.35,15042.8,0.3
1492,0.0119705,60568.9,15042.8,0.3
1493,0.0117931,2271.32,15042.8,0.3
1494,0.0121841,9985.69,15042.8,0.3
1495,0.012146,2885.32,15042.8,0.3
1496,0.0111904,4315.33,15042.8,0.3
1497,0.0113945,23445.7,15042.8,0.3
1498,0.0118923,9663.24,16082,0.3
1499,0.0122051,10693.8,16082,0.3
1500,0.0125828,5818.96,16082,0.3
1501,0.0122623,11903.8,16082,0.3
1502,0.0120335,30284.1,16082,0.3
1503,0.0118504,5933.5,16082,0.3
1504,0.0115013,3551.18,16082,0.3
1505,0.0116978,5055.67,16082,0.3
1506,0.0115166,5495.89,16082,0.3
1507,0.0104256,2059.24,16082,0.3
1508,0.0110188,4984.91,16082,0.3
1509,0.0113106,16916.6,17192.9,0.3
1510,0.0107708,4090.01,17192.9,0.3
1511,0.0112534,26122.1,17192.9,0.3
1512,0.0106449,5169.51,17192.9,0.3
1513,0.0103016,4042.88,17192.9,0.3
1514,0.00946999,3651.74,17192.9,0.3
